16
0
30085718
0
199680
0
12
2 3
0
0 1 2 3 4 5 6 7 8 10
21481
0
36211
0
407
2 4 6 8
541
3
806

943
0
443248
2
36746891
2
675
4
8
4
563872564
0
15335597
1
4934124
2
478506
4
806

19443897
0
233
1
600863170
0
35
4
344373684
0
31919
0
587266303
0
703167599
0
34924
0
806

37995
0
165
1 8
21
2
5
3 12
39380
0
34223515
0
1
1 3
13936375
2
12
3
806

27
0
8
1
598
2
588
3
35
4
1197
0
482
2
18
2 4
1106
3
806

1123059
0
14
1
730
2 6 11 16
29528047
0
3310
4
24432
0
1068032
1
86403
2
5
3
806

803
0
140610
1
643
2
18
3 15 18
6448104
4
589724716
0
7531
1
92792161
3
193787
3
806

1207
0
18464
1
19
2
391636
4
18445
4
24177
0
416893748
1
815442615
2
742357541
3
806

1019
0
15412841
1
521530654
0
556
3
0
0 1 2 3 4 5 6 8 9 10 12
20553755
0
15
1 4 8
449
3
846239012
3
806

21661670
0
218606
1
334702457
2
10987
3
280
5
24177
0
6
1
5849
2
88
3
806

38726
0
5794457
1
115968260
2
9240130
3
391635
4 19
38959
0
628
1
195190114
3
281980522
4
806

969149894
0
237275952
1
85181162
2
844834761
4
337444372
4
156578914
0
470615382
1
143089133
2
779151007
4
806

563873025
0
5701957
1
532498279
2
25143944
4
71683051
5
289652933
0
368711262
1
125030892
2
588
3
806

26835079
0
629
1
22
2
601
4
24924088
4
20553755
0
322965828
1
4934093
2
13631810
3
806

1112586
0
9038
2
4934093
2
470096
3
4848
5
925411
0
292079756
1
17057
3
567834
3
806

26836938
0
562214
2
4934099
2
1248081
0
6521
4
1128902
0
643
1 6 11
643
2 21
196596
4
806

795
0
5615806
1
7
3
13399
3
43
4 7
1017553
0
10071650
1
573988
2
29795
4
806

1028
0 12
385964
1
4909375
2
267337
3
110597
5
23117
0
36570
1
12181
2
7186
4
806

19443887
0
360
1
633172
2
31923
4
21481
4
949316540
0
6898
1
170
2
556
3 23
806

1202062
0
347295
1
169398
2
7186
4
201797
4
867033
0
11284286
1 15 29
10022999
2
682238
3
806

1129245
0
779574
1
74434
2
1201
4
13242
4
23579
0
353
1
324348011
2 11
13114964
3
806

1297
0
150696
2
83
2
34087127
0
16597
4
25143965
0
168
1
150696
2
588
4
806

38959
0
15
1 6 11
131848999
2
720360808
3
14244
4
1248081
0
22607661
1
679
2 10
534935
3
806

974681
0
13064
1
5
2 9
647
3
293621
0
37
0
30085582
0
4
2
1267
3
806

24432
0
1165
1
298510
2
567
3
31923
4
575091746
0
10541
1
170
3
11905
3
806

23117
0
19761964
1
1149047
2
374821713
3
10817385
1 4 7 10 21 24 27 30
1204
0
7008
1
19298
2
1192
4
806

31911
0
456874618
1
4932267
2
471058
3
382
5
28192
0
42606
1
763469476
2
10042544
4 38
806

72410163
0
9038
2
16219886
2
898215069
3
482687
4
872079
0
535464
1
510589
2
19
3
806

983540
0
1201732
2
632474
2
11976200
3
465
4
956201304
0
13041
1
405946549
2
19
3 6 11
806

23117
0
581
1
16219886
2
778208464
4
194744885
4
130261231
0
292088353
1
4696062
2
470428073
3
806

668897987
0
971253892
2
43709
2
80688959
3
91211375
4
920515495
0
170
1
3052415
2
36570
3
806

567652658
0
446966058
1
32490621
3
35
4
778334296
4
27967991
0
676087022
1
15322997
2
13526790
3
806

15930479
0
380199027
1
18343846
2
552
4
11847951
5 34
352319733
0
19586804
1
3629
2
413519
3 22
806

925768
0 18
410
1
159
2 16
556
3
18
4 9 14
29
0
18
1
1
3 11
560
3
806

797
0
13061
1
681612
2
5842
3
340565
5
1128792
0
410
1
584235
2
5
3 11
806

43347
0
7929
1
136209
2
445681
3
9388416
4
43347
0
15
1 6 7 11
16129
2
11615842
3
806

729171738
0
961972077
1
16302272
3
246920915
4
3510
4
29265561
0
4805
1
158
2
13729
3
806

25184
0
16235742
1
108
3
9022605
3
162718305
4
352307410
0
968656005
1
18
2
535435
3
806

29216928
0
20
1 8
568876
2
273
3
10461532
4
1001
0
311
2
21
2
771307384
0
806

32123
0
256711282
1
12
1 2 10
21481
3
18
4
35108
0
10124
1
939
2
527
3
806

19443875
0
413768445
1
159
2
568876
3
255179018
4
925785
0
456
1 16
2505691
2
494557
4
806

27918
0
169709741
1
472739969
3
20
4 8
0
0 1 3 4 5 6 7
991
0
45477
1
17057
3
6640498
3
806

778309661
0
18
1
778289611
0
470096
3
276261
4
35
0
42606
1
13930739
2
14
1 4 16
806

31
0
8716273
2
19299
2
672
4
111602970
4
63645310
0
11284286
1
405944495
2
470096
3
806

24187104
0
169703983
1
193282171
2
464885486
3
752871469
5
138276012
0
13404
1
6
3
19771123
3
806

20553755
0
470257753
1
71405905
2
13934048
4
324599543
4
36457312
0
455092097
1
886632439
2
395340881
3
806

311698306
0
9213
1
4278524
3 26 33
281
3
5629266
4
24177
0
7008
1
29958
3
867023
3
806

25261071
0
289472099
1
9032
3
35
4
402
5
31904
0
88
2
535233
2
30972904
3
806

32123
0
103530072
1
471267053
2
318128613
3 25
14085
4
28757
0
125
2
114546960
2
1106
3
806

833958
0
7995
1
3813
2
183777
4
183777
4
30034
0
47899
1
31935
3
178826
4
806

32029443
0
494964
2
21481
3
194170
3
19772147
4
934675
0
827161296
1
230971
2
116023
3
806

24622
0
7008
1
729
2
208343
3
470064
4
25143624
0
16234814
1
5864
2
132390
3
806

23117
0
15
1 9
16264
3
55467
3
378778
4
1077507
0
494964
2
11101
2
446720
3
806

1306
0
446984733
1
476
3
492056285
3
21481
4 19
729174197
0
14833164
1
163139127
2
390644481
4
806

29373584
0
5613283
1
262122
3
4
4
6684
4 16
1201948
0
128635
1
17057
3
10581918
3
806

32736713
0
225726568
1
334813
3
147571897
3
492345
5 26
833795
0
376933
1
20
2 9 14
280
3
806

729171191
0
86403
2
13997837
2
16235545
3
492345
5
30
0
437702
1
382
2 13
3046
3
806

19258097
0
327267479
1
494671
3
10364
4
16405
4
35
0
12997
1
280
3
15
3 6
28764
0
577891216
0
11152468
1
9576163
2
925411
3
16315362
4
589724759
0
326011071
1
519494077
2
455971
3
806

1110660
0
516944
1
360745
2
529256
3 13
14370788
4 14
40
0
169718059
1
543229
2
19758061
3
806

33807
0
10969948
1
381757
2
12359
3
14370788
4 14
34
0
9976178
1 11 21 31
456876229
2
16315362
4
806

32912147
0
311
2
4252
2
13041
3
10461601
4
1065
0
38
1
8158
2
93001933
3
806

744711
0
456
1 18
3813
2
282383819
0
323745
5
36457311
0
324603743
1
426
2 15
225743909
3 27
806

733044
0
237
1
13997841
2
14641382
3 26
242774
4
43347
0
13566133
1 20
247
3
224822044
3 8
806

26831713
0 21
43
1
14
2
42027
3
373830
4
831615028
0
13116511
1
330243
2
13809
3
806

19443871
0
627
1
5849
2
19
3
61534
4
26834774
0
410
1
7179
2 9
276208
3
806

43347
0
175095326
2
783364989
2
16238071
3
21481
5
35
0
237
1 17
373
2
275
3
806

31923
0
8
1 10
10572378
2
35
3
742337575
4
778473597
0
472998947
2
6
2
445151
3
806

43347
0
450756484
1
49717
3
443306
4
1553912
4
102037584
0
5467911
2
120
2
13
3
806

41
0 7
7750913
1
10461939
2
15528498
3
17057
4
32736710
0
588
2 8 22
2427682
2
0
0 1
806

778289611
0
7763224
1
465961
3
395324719
3
562532
4
19259904
0
326012611
1
628204
2
569104
4
806

38923
0
14823703
1
317885362
3
6887
3
13228
4
41482
0
168071292
1
0
0 1 2 3 4 5 6 7 8 9 10
10289597
3
806

660589139
0
410
1
9038
3
13041
3
562147
5
32738024
0
5794438
1
5864
2
13499
4
806

660589139
0
643
1
281
2
17095
3
15412754
4
1128785
0
165209877
1
338109748
2
574038033
3
806

1422
0
377730
1
1251
3
1116
3
194744720
4
30078
0
451
1
13731
2
2311
3
806

949209750
0
512062400
1
21
2
15302
3
140403
4
1342
0
165209992
1
49
2
13084
3
806

949409070
0
170990273
1
6901081
2
450399592
3
203034
4
19443885
0
5852135
1
137234
2
12858502
3
806

1112608
0
10071647
1
142728993
2
280573916
3
518103
4 13
1001
0
324602873
1 20
324
2
470075
3
806

1175
0
438002
1 13
19
2
470075
3
385965
4
1175
0
7536
1
4910357
2
363
4
806

1112604
0
241
1
5336101
3 20
247
3
193851
4
1021
0
15095
1
740
3
163202745
3 31
806

1035
0
456
1
448
2
349
3
273
4 17
1349
0
12997
1
15
3 7
23
4
806

929
0
159
1
18
2 7 16
676
4
9
5
1201838
0
163
1 11
19
2 4
6672
3
806

1352
0
531455
1
476
3
54
3
281
5
38208
0
237
1
531
3
588
3
806

30034
0
237
1 18
23
2
12049
3
280511
4
38927
0
629
1
537
2
5094
4
806

1128902
0
6847365
1
280511
2
925188
4
6775
4
1201948
0
4362
1
20
2
1832
4
806

720618436
0
531489
1
8
1 2 4 6 10 12
6871769
4
12229
5
135233267
0
19
2
3949617
2
19320
3
806

36194154
0
368353954
1
6528958
2
372771855
3
495897077
4
34728
0
1010316
1
2566
2
494788
4
806

442788105
0
321665114
1
435877821
2
1
3
9
5 8
1035
0
19
2
360
2
11
3
806

25314138
0
559933
1
10461620
2
681762
3
253043857
4
1108055
0
201802
1
225136
2
6715336
3
806

1281
0
571
2
6900501
2
392273986
3
1098947
4
21173070
0
5896206
1
544540
2 19
6715336
3
806

41466
0
32518068
1
12006919
2
459544917
3
778168578
5
778476743
0
421209747
2
36742858
2
544540
3
806

1077354
0
363
1
11013170
2 22
13
3
193967
4
30034
0
11899
1
15
2 4
11714702
3
806

23713
0
599
1
19
2
1
3
1009475
4
766299
0
982239
1
23
3
1165
3
806

990659
0
237
1
47888
2
110597
3
10549
5
931586
0
49095772
1
3630
2
6779085
3 14
806

31902
0
326849990
1
13028
2
925782
4
543
4 12
679667386
0
202026560
1 28
4752
2
268
3 11
806

1103
0
665674
0
19391
2
391100910
3
494667
4
225089735
0
437901
1
4903902
2
131
4
806

1430
0
779574
1
514387457
2
162771172
3
1120253
4
309127753
0
488945
2
3314
3
244616828
3
806

744711
0
15412225
1
19
2
20
3 13
303384443
4
778583088
0
12688332
1
5
2 6 11 16
851774494
0
806

38082
0
385972
1
364117554
3 28
23511
3
5611183
4
1035
0
309698699
1
892155235
2
81618479
3
806

417218719
0
815495459
1
224228504
2
11996
3
140390
4
30034
0
410
1
136198
2
480822
4
806

1349
0
6
1 9
262122
2
8
3
53142
5
696136
0
458
1
2566
2
11941
4
806

861135
0
13
1 5
426
2
645006216
3 28
360736
4 20
956201186
0
898204144
1
482726378
2
20
3 7
806

1001
0
15189
1
472824464
2
3813
4
9
4
1201948
0
126546
1
170069
2
17061
3
806

802
0
456
1
574
2
547
3
1152978
4
1201838
0
275
1 4
5843
2
17607
3
806

23777840
0
110597
2
1484
2
318129102
3
20
4
43347
0
244571953
0
5864
2
357
3
806

35
0
6338232
1
6501
2
445691
3
571
4
35
0
15105
1
1
3
364535
3
806

46
0
233
1
10461532
2
139006
3
7973802
4
43347
0
413062
1
18
3 16
20
3 9
806

925411
0
125
2
42
3
601534879
0
218
4 12
31902
0
2
2
1861546
2
446984
3
806

43347
0
324607108
1
583872
2 10
796417056
4
774496481
4
977114380
0
832096940
1
21
2
2160491
4
806

156998962
0
34886479
1
335795304
2
78601237
4
645289478
4
660586175
0
324595767
1
18249863
2
470081
3
806

36455354
0
413364280
1
21
2
131
4
6891
4
778119697
0
14
1
663490431
2
62654230
4
806

25298065
0
543230
1
40643
2
15737
3
53142
4
776712
0
5502
2
5
2 14 17
15413
3
806

41
0
6887
1
1120661
2
12967
3
396
4
1028
0
5321
2
4752
2
13041
3
806

34721
0
10931065
1
13670880
2
470909589
3
376933
4
848701277
0
15
1 12
44694906
2
2672
3
806

26843967
0
150
1
131
2
414201805
3
450210803
4
537089292
0
5795495
1
19320
2
193812
3
806

1128785
0
9
1
73
2
20
3
6778735
4
26847291
0
384023
1
566
3
221
4
