16
42 15 16 21 16
8 5 12 15
34 5 12 12 15 53 20 8 5 18 5
16 5 5 11 53 1 53 2 15 15
25 15 21 53 19 16 5 5 11 53 1 53 2 15 15 20 9 6 21 12 53 12 1 14 7 21 1 7 5
1 14 1 19
2 1 14 1 14 1 14 1 14 1 19 16 1 10
53 25 5 1 18 19 53 1 14 4 53 13 25 53 12 9 6 5 53 9 19 53 19 20 9 12 12
46 18 25 9 14 53 20 15 53 7 5 20 53 21 16 53 20 8 1 20 53 7 18 5 1 20 53 2 9 7 53 8 9 12 12 53 15 6 53 8 15 16 5
32 15 18 53 1 53 4 5 19 20 9 14 1 20 9 15 14
35 53 18 5 1 12 9 26 5 4 53 17 21 9 3 11 12 25 53 23 8 5 14 53 35 53 11 14 5 23 53 35 53 19 8 15 21 12 4
46 8 1 20 53 20 8 5 53 23 15 18 12 4 53 23 1 19 53 13 1 4 5 53 21 16 53 15 6 53 20 8 9 19 53 2 18 15 20 8 5 18 8 15 15 4 53 15 6 53 13 1 14
32 15 18 53 23 8 1 20 5 22 5 18 53 20 8 1 20 53 13 5 1 14 19
42 18 5 29 8 15 18 21 19
27 14 4 53 19 15 53 35 53 3 18 25 53 19 15 13 5 20 9 13 5 19 53 23 8 5 14 53 35 13 53 12 25 9 14 7 53 9 14 53 2 5 4
36 21 19 20 53 20 15 53 7 5 20 53 9 20 53 1 12 12 53 15 21 20 53 23 8 1 20 19 53 9 14 53 13 25 53 8 5 1 4
27 14 4 53 35 53 35 53 1 13 53 6 5 5 12 9 14 7 53 1 53 12 9 20 20 12 5 53 16 5 3 21 12 9 1 18
27 14 4 53 19 15 53 35 53 23 1 11 5 53 9 14 53 20 8 5 53 13 15 18 14 9 14 7 53 1 14 4 53 35 53 19 20 5 16 53 15 21 20 19 9 4 5
27 14 4 53 35 53 20 1 11 5 53 1 53 4 5 5 16 53 2 18 5 1 20 8 53 1 14 4 53 35 53 7 5 20 53 18 5 1 12 53 8 9 7 8
27 14 4 53 35 53 19 3 18 5 1 13 53 6 18 15 13 53 20 8 5 53 20 15 16 53 15 6 53 13 25 53 12 21 14 7 19
49 8 1 20 19 53 7 15 9 14 7 53 15 14
29 8 15 18 21 19
27 14 4 53 35 53 19 1 25 53 8 5 25 5 25 5 25
34 5 25 5 25 5 25
35 53 19 1 9 4 53 34 5 25 53 1 23 8 1 20 19 53 7 15 9 14 7 53 15 14
28 18 9 4 7 5
41 15 8 53 15 15 8
41 15 8
41 15 8 53 21 8 53 8 21 8
45 5 5 53 18 15 3 11 53 19 8 15 23 19 53 14 5 1 18 53 45 1 12 20 53 38 1 11 5 53 29 9 20 25
33 5 20 53 20 9 3 11 5 20 19 53 1 19 53 12 15 23 53 1 19 53
51 15 21 53 13 9 7 8 20 53 1 12 19 15 53 12 9 11 5
38 15 22 5 53 38 1 14 7 21 1 7 5
45 52 27
30 9 4 53 25 15 21 53 11 14 15 23 53 20 8 1 20 53 20 8 5 18 5 143 53 53 19 53 1 53 20 21 14 14 5 12 53 21 14 4 5 18 53 41 3 5 1 14 53 28 12 22 4
38 1 14 1 53 30 5 12 53 44 5 25
29 1 19 20 12 5 19 53 29 18 21 13 2 12 9 14 7 53 46 1 25 12 15 18 143 53 53 19 53 48 5 18 19 9 15 14 53 32 18 15 13 53 46 8 5 53 48 1 21 12 20
46 1 25 12 15 18 53 45 23 9 6 20
48 5 18 19 5
27 14 4 53 35 53 20 18 25
41 8 53 13 25 53 33 15 4 53 4 15 53 35 53 20 18 25
35 53 20 18 25 53 1 12 12 53 20 8 5 53 20 9 13 5
35 14 53 20 8 9 19 53 9 14 19 20 9 20 21 20 9 15 14
27 14 4 53 35 53 16 18 1 25
41 8 53 13 25 53 33 15 4 53 4 15 53 35 53 16 18 1 25
35 53 16 18 1 25 53 5 22 5 18 25 53 19 9 14 7 12 5 53 4 1 25
32 15 18 53 18 5 22 15 12 21 20 9 15 14
35 53 19 1 9 4 53 34 5 25 53 23 8 1 20 19 53 7 15 9 14 7 53 15 14
49 1 11 5 53 9 14 53 20 8 5 53 13 15 18 14 9 14 7 53 1 14 4 53 19 20 5 16 53 15 21 20 19 9 4 5
46 1 11 5 53 1 53 4 5 5 16 53 2 18 5 1 20 8 53 1 14 4 53 35 53 7 5 20 53 18 5 1 12 53 8 9 7 8
27 14 4 53 35 53 19 3 18 5 1 13
34 5 25 5 25 53 25 5 1 8 53 25 5 1 8 53 25 5 1 8
41 21 20 18 15
32 15 18 53 1 53 4 5 19 20 9 14 1 20 9 15 14 53 13 13 13
29 1 14 20 53 20 8 5 53 6 21 20 21 18 5 53 10 21 19 20 53 23 1 9 20
29 1 14 20 53 20 8 5 53 4 5 1 4 12 9 14 5 19 53 3 15 13 5 53 6 1 19 8 9 15 14 1 2 12 25 53 12 1 20 5
35 53 3 15 21 12 4 53 16 21 19 8 53 5 22 5 18 25 53 7 15 1 12 53 2 1 3 11
46 1 11 5 53 3 15 14 20 18 15 12 53 2 1 3 11
35 6 53 20 8 5 25 4 53 18 15 12 12 53 2 1 3 11 53 20 8 5 53 18 1 20 5
27 20 53 23 8 9 3 8 53 20 9 13 5 53 19 20 1 18 20 19 53 20 15 53 6 12 25
40 5 22 5 18 53 12 1 14 4 9 14 7 53 15 18 53 19 20 1 14 4 9 14 7 53 2 25
40 5 22 5 18 53 20 1 11 9 14 7 53 1 53 2 18 5 1 11
31 22 5 18 53 13 1 11 9 14 7 53 13 5 53 18 5 20 18 25
49 5 53 14 9 3 11 5 12 1 14 4 4 9 13 5 53 5 22 5 18 25 53 17 21 1 18 20 5 18 53 20 15 53 20 23 15
28 21 20 53 13 1 25 2 5 53 9 20 19 53 20 9 13 5 53 20 15 53 12 5 20 53 20 9 13 5 53 16 1 19 19 53 20 8 18 15 21 7 8
35 6 53 20 8 5 53 6 21 20 21 18 5 53 9 19 53 2 18 9 7 8 20
35 20 53 4 15 5 19 14 20 53 19 8 9 14 5 53 23 9 20 8 53 20 8 1 20 53 5 14 4 53 15 6 53 20 8 5 53 20 21 14 14 5 12 53 12 9 7 8 20
39 15 18 5 53 12 9 11 5 53 1 53 4 5 5 18 53 9 14 53 20 8 5 53 8 5 1 4 12 9 7 8 20 19
45 21 4 4 5 14 53 18 5 4 53 12 9 7 8 20 19
41 18 53 25 15 21 18 5 53 4 5 1 4 53 12 9 7 8 20 19
27 19 53 20 8 5 53 1 14 7 12 5 18 6 9 19 8 53 2 9 20 5
35 20 19 53 14 15 20 53 6 1 9 18
46 8 5 53 16 1 19 20 53 9 19 53 3 12 5 1 18 53 2 21 20 53 9 20 19 53 3 12 5 1 18 53 2 1 3 11 53 20 8 5 18 5
49 8 1 20 19 53 1 8 5 1 4 53 40 15 53 15 14 5 53 11 14 15 23 19
28 21 20 53 9 20 19 53 3 12 15 19 9 14 7 53 9 14 53 23 5 53 19 23 5 1 18
45 20 9 12 12 53 14 15 20 53 9 14 53 13 25 53 16 18 9 13 5 53 35 53 8 1 22 5 53 19 15 53 13 21 3 8 53 20 15 53 4 15
35 53 3 1 14 20 53 10 21 19 20 53 18 5 23 18 9 20 5 53 4 5 3 9 19 9 15 14 19 53 23 8 5 14 53 12 9 6 5 53 7 5 20 19 53 19 20 18 1 14 7 5
45 8 15 21 12 4 53 35 53 7 15 53 23 9 20 8 53 13 25 53 7 21 20 53 15 14 53 23 8 9 3 8 53 4 15 15 18 53 35 53 19 8 15 21 12 4 53 19 8 21 20
35 13 53 21 14 19 21 18 5
35 4 53 11 5 5 16 53 5 24 16 12 15 18 9 14 7 53 20 8 9 19 53 18 21 20
28 21 20 53 23 8 1 20 53 7 15 15 4 53 9 19 53 20 9 13 5 53 23 9 20 8 15 21 20 53 3 8 1 14 7 5
39 15 22 5 53 15 14
29 1 21 19 5 53 20 8 9 14 7 19 53 14 5 22 5 18 53 12 1 19 20
36 21 19 20 53 13 15 22 5 53 15 14
29 1 21 19 5 53 9 20 53 7 15 5 19 53 20 15 15 53 6 1 19 20 53 1 14 4 53 20 8 5 53 16 1 19 20 53 8 1 19 53 16 1 19 19 5 4
45 15 53 13 15 22 5 53 15 14
40 15 53 15 14 5 53 12 9 11 5 19 53 1 14 53 5 14 4 9 14 7
45 15 53 23 8 1 20 19 53 23 9 20 8 53 20 8 5 53 1 20 20 5 14 20 9 15 14 53 23 5 53 11 5 5 16 53 15 14 53 7 9 22 9 14 7 53 20 8 5 13
49 8 25 53 1 18 5 53 23 5 53 19 20 9 12 12 53 19 16 5 14 4 9 14 7 53 19 15 53 13 21 3 8 53 20 9 13 5
30 18 5 1 4 9 14 7 53 15 21 18 53 12 9 22 5 19 53 9 14 19 20 5 1 4 53 15 6 53 12 9 22 9 14 7 53 20 8 5 13
49 8 25 53 4 15 53 23 5 53 20 18 25 53 20 15 53 4 9 22 5 18 20 53 20 8 5 53 18 9 22 5 18
49 8 5 14 53 20 8 5 53 23 1 20 5 18 53 9 19 53 23 8 1 20 53 23 9 12 12 53 4 5 12 9 22 5 18 53 21 19 53 23 8 5 18 5 53 23 5 53 14 5 5 4 53 20 15 53 7 15
49 5 53 13 1 25 53 14 5 22 5 18 53 11 14 15 23 53 23 8 25
46 9 13 5 53 9 19 53 1 12 23 1 25 19 53 9 14 53 12 9 13 9 20 5 4 53 19 21 16 16 12 25
28 21 20 53 23 5 12 12 53 12 9 22 5 53 20 15 53 18 5 7 18 5 20 53 9 20
35 6 53 23 5 53 7 5 20 53 9 20
27 14 4 53 20 8 5 14 53 12 5 20 53 9 20 53 19 12 9 16 53 2 25
35 20 53 3 1 14 53 14 5 22 5 18 53 18 5 23 9 14 4
41 14 3 5 53 25 15 21 22 5 53 12 15 19 20 53 9 20 53 9 20 19 53 8 1 18 4 53 20 15 53 6 9 14 4
46 1 11 5 53 20 8 5 53 10 15 21 18 14 5 25 53 9 14 53 19 20 18 9 4 5
49 8 5 14 53 25 15 21 18 53 16 12 1 14 19 53 8 1 22 5 53 2 5 5 14 53 19 9 4 5 12 9 14 5 4
31 22 5 18 25 53 8 15 21 18 12 25 53 3 8 9 13 5 53 3 15 21 12 4 53 2 5 7 9 14 53 19 15 13 5 20 8 9 14 7 53 14 5 23
45 15 53 13 1 25 2 5 53 9 20 19 53 20 9 13 5 53 20 15 53 12 5 20 53 20 9 13 5 53 16 1 19 19 53 20 8 18 15 21 7 8
40 15 20 53 16 1 19 19 9 14 7 53 2 25 53 2 21 20 53 16 1 19 19 9 14 7 53 20 8 18 15 21 7 8
46 9 12 53 20 8 5 53 23 5 12 12 53 18 21 14 19 53 4 18 25
36 21 19 20 53 16 1 19 19 9 14 7 53 20 8 18 15 21 7 8
27 19 53 25 15 21 53 16 18 15 13 9 19 5 4 53 13 5 53 20 8 1 20 53 35 53 23 1 19 53 13 15 18 5 53 20 8 1 14 53 1 12 12 53 20 8 5 53 13 9 12 5 19 53 3 15 13 2 9 14 5 4
51 15 21 53 13 21 19 20 53 8 1 22 5 53 8 1 4 53 25 15 21 18 19 5 12 6 53 1 53 3 8 1 14 7 5 53 15 6 53 8 5 1 18 20 53 12 9 11 5
34 1 12 6 23 1 25 53 20 8 18 15 21 7 8 53 20 8 5 53 4 18 9 22 5
28 5 3 1 21 19 5 53 25 15 21 18 53 22 15 9 3 5 53 20 18 1 9 12 5 4 53 15 6 6 53 5 24 1 3 20 12 25 53 1 19 53 25 15 21 53 16 1 19 19 5 4 53 13 25 53 5 24 9 20 53 19 9 7 14
37 5 16 20 53 15 14 53 4 18 9 22 9 14 53 19 20 18 1 9 7 8 20 53 1 14 4 53 12 5 6 20 53 15 21 18 53 6 21 20 21 18 5 53 20 15 53 20 8 5 53 18 9 7 8 20
40 15 23 53 35 53 1 13 53 19 20 21 3 11 53 2 5 20 23 5 5 14 53 13 25 53 1 14 7 5 18 53 1 14 4 53 20 8 5 53 2 12 1 13 5 53 20 8 1 20 53 35 53 3 1 14 20 53 6 1 3 5
27 14 4 53 13 5 13 15 18 9 5 19 53 1 18 5 53 19 15 13 5 20 8 9 14 53 5 22 5 14 53 19 13 15 11 9 14 7 53 23 5 5 4 53 4 15 5 19 53 14 15 20 53 18 5 16 12 1 3 5
27 14 4 53 35 53 1 13 53 20 5 18 18 9 6 9 5 4 53 15 6 53 23 5 1 20 8 5 18 53 3 1 21 19 5 53 35 53 19 5 5 53 25 15 21 53 23 8 5 14 53 9 20 53 18 1 9 14 19
30 15 3 53 20 15 12 4 53 13 5 53 20 15 53 20 18 1 22 5 12 53 2 21 20 53 20 8 5 18 5 19 53 29 41 48 35 30 53 15 14 53 20 8 5 53 16 12 1 14 5 19
27 14 4 53 35 53 12 15 22 5 53 48 5 18 13 15 14 20 53 2 21 20 53 9 20 19 53 20 8 5 53 19 5 1 19 15 14 53 15 6 53 20 8 5 53 19 20 9 3 11 19
27 14 4 53 35 53 19 1 23 53 25 15 21 18 53 13 15 13 53 19 8 5 53 6 15 18 7 15 20 53 20 8 1 20 53 35 53 5 24 9 19 20 5 4
27 14 4 53 9 20 19 53 8 1 12 6 53 13 25 53 6 1 21 12 20 53 2 21 20 53 35 53 10 21 19 20 53 12 9 11 5 53 20 15 53 16 12 1 25 53 20 8 5 53 22 9 3 20 9 13
35 12 12 53 4 18 9 14 11 53 1 12 3 15 8 15 12 53 20 9 12 53 13 25 53 6 18 9 5 14 4 19 53 3 15 13 5 53 8 15 13 5 53 6 15 18 53 29 8 18 9 19 20 13 1 19
27 14 4 53 35 12 12 53 4 18 5 1 13 53 5 1 3 8 53 14 9 7 8 20 53 15 6 53 19 15 13 5 53 22 5 18 19 9 15 14 53 15 6 53 25 15 21
46 8 1 20 53 35 53 13 9 7 8 20 53 14 15 20 53 8 1 22 5 53 2 21 20 53 35 53 4 9 4 53 14 15 20 53 12 15 19 5
40 15 23 53 25 15 21 18 5 53 20 9 18 5 53 20 18 1 3 11 19 53 1 14 4 53 15 14 5 53 16 1 9 18 53 15 6 53 19 8 15 5 19
27 14 4 53 35 13 53 19 16 12 9 20 53 9 14 53 8 1 12 6 53 2 21 20 53 20 8 1 20 12 12 53 8 1 22 5 53 20 15 53 4 15
45 15 53 35 53 20 8 15 21 7 8 20 53 20 8 1 20 53 9 6 53 35 53 16 9 12 5 4 53 19 15 13 5 20 8 9 14 7 53 7 15 15 4 53 15 14 53 1 12 12 53 13 25 53 2 1 4
46 8 1 20 53 35 53 3 15 21 12 4 53 3 1 14 3 5 12 53 15 21 20 53 20 8 5 53 4 1 18 11 14 5 19 19 53 35 53 9 14 8 5 18 9 20 5 4 53 6 18 15 13 53 4 1 4
40 15 53 35 53 1 13 53 14 15 53 12 15 14 7 5 18 53 6 21 14 14 25 53 3 1 21 19 5 53 35 53 13 9 19 19 53 20 8 5 53 23 1 25 53 25 15 21 53 12 1 21 7 8
51 15 21 53 15 14 3 5 53 3 1 12 12 5 4 53 13 5 53 6 15 18 5 22 5 18 53 14 15 23 53 25 15 21 53 19 20 9 12 12 53 3 1 14 20 53 3 1 12 12 53 13 5 53 2 1 3 11
41 8 53 20 8 1 20 12 12 53 8 1 22 5 53 20 15 53 4 15
39 25 53 15 20 8 5 18 53 8 1 12 6 53 23 1 19 53 25 15 21
35 53 8 15 16 5 53 20 8 9 19 53 16 1 9 14 19 53 10 21 19 20 53 16 1 19 19 9 14 53 20 8 18 15 21 7 8
28 21 20 53 35 53 4 15 21 2 20 53 9 20
34 1 22 5 53 20 15 53 4 15
51 15 21 53 20 21 18 14 53 13 25 53 7 21 9 20 1 18 53 15 14
27 14 4 53 35 4 53 7 9 22 5 53 21 16 53 6 15 18 5 22 5 18 53 20 15 53 20 15 21 3 8 53 25 15 21
29 1 21 19 5 53 35 53 11 14 15 23 53 20 8 1 20 53 25 15 21 53 6 5 5 12 53 13 5 53 19 15 13 5 8 15 23
51 15 21 18 5 53 20 8 5 53 3 12 15 19 5 19 20 53 20 15 53 8 5 1 22 5 14 53 20 8 1 20 53 35 12 12 53 5 22 5 18 53 2 5
27 14 4 53 35 53 4 15 14 20 53 23 1 14 20 53 20 15 53 7 15 53 8 15 13 5 53 18 9 7 8 20 53 14 15 23
29 1 21 19 5 53 1 12 12 53 35 53 3 1 14 53 20 1 19 20 5 53 9 19 53 20 8 9 19 53 13 15 13 5 14 20
27 14 4 53 1 12 12 53 35 53 3 1 14 53 2 18 5 1 20 8 5 53 9 19 53 25 15 21 18 53 12 9 6 5
45 15 53 1 14 4 53 19 15 15 14 5 18 53 15 18 53 12 1 20 5 18 53 9 20 19 53 15 22 5 18
35 53 10 21 19 20 53 4 15 14 20 53 23 1 14 14 1 53 13 9 19 19 53 25 15 21 53 20 15 14 9 7 8 20
27 14 4 53 35 53 4 15 14 20 53 23 1 14 20 53 20 8 5 53 23 15 18 12 4 53 20 15 53 19 5 5 53 13 5
29 1 21 19 5 53 35 53 4 15 14 20 53 20 8 9 14 11 53 20 8 1 20 53 20 8 5 25 4 53 21 14 4 5 18 19 20 1 14 4
49 8 5 14 53 5 22 5 18 25 20 8 9 14 7 19 53 13 1 4 5 53 20 15 53 2 5 53 2 18 15 11 5 14
35 53 10 21 19 20 53 23 1 14 20 53 25 15 21 53 20 15 53 11 14 15 23 53 23 8 15 53 35 53 1 13
27 14 4 53 25 15 21 53 3 1 14 20 53 6 9 7 8 20 53 20 8 5 53 20 5 1 18 19 53 20 8 1 20 53 1 9 14 20 53 3 15 13 9 14 7
41 18 53 20 8 5 53 13 15 13 5 14 20 53 15 6 53 20 18 21 20 8 53 9 14 53 25 15 21 18 53 12 9 5 19
45 15 53 23 8 5 14 53 5 22 5 18 25 20 8 9 14 7 53 6 5 5 12 19 53 12 9 11 5 53 20 8 5 53 13 15 22 9 5 19
51 5 1 8 53 25 15 21 53 2 12 5 5 4 53 10 21 19 20 53 20 15 53 11 14 15 23 53 25 15 21 18 5 53 1 12 9 22 5
35 53 10 21 19 20 53 23 1 14 20 53 25 15 21 53 20 15 53 11 14 15 23 53 23 8 15 53 35 53 1 13 53 8 5 25
35 53 23 1 14 20 53 25 15 21 53 7 21 25 19 53 20 15 53 20 1 11 5 53 20 8 9 19 53 15 14 5 53 8 15 13 5 53 1 12 18 9 7 8 20
27 14 4 53 35 53 10 21 19 20 53 23 1 14 20 53 25 15 21 53 20 15 53 11 14 15 23 53 23 8 15 53 35 53 1 13
51 5 1 8
51 15 21 53 7 21 25 19 53 1 18 5 53 20 8 5 53 2 5 19 20
46 8 9 19 53 20 8 5 53 20 8 5 53 2 5 19 20 53 20 8 53 15 6 53 36 21 12 25 53 5 22 5 18
31 22 5 18 53 5 22 5 18 53 5 22 5 18
33 9 22 5 53 25 15 21 18 19 5 12 6 53 19 15 13 5 53 12 15 22 5
51 15 21 53 8 1 22 5 53 14 15 53 9 4 5 1 53 8 15 23 53 13 21 3 8 53 23 5 53 12 15 22 5 53 25 15 21 53 7 15 15 4 14 9 7 8 20
46 8 1 14 11 53 25 15 21 53 6 15 18 53 19 20 9 3 11 9 14 7 53 1 18 15 21 14 4
27 12 18 9 7 8 20 53 25 1 12 12 53 25 5 1 8
49 5 53 7 15 14 14 1 53 20 18 25 53 4 15 53 15 14 5 53 13 15 18 5 53 6 15 18 53 25 15 21 53 15 11 1 25
49 5 53 7 15 20 53 15 14 5 53 13 15 18 5
35 53 1 13 53 1 53 17 21 5 19 20 9 15 14 53 20 15 53 20 8 5 53 23 15 18 12 4
40 15 20 53 1 14 53 1 14 19 23 5 18 53 20 15 53 2 5 53 8 5 1 18 4
41 18 53 1 53 13 15 13 5 14 20 53 20 8 1 20 19 53 8 5 12 4 53 9 14 53 25 15 21 18 53 1 18 13 19
27 14 4 53 23 8 1 20 53 4 15 53 25 15 21 53 20 8 9 14 11 53 25 15 21 4 53 5 22 5 18 53 19 1 25
35 53 23 15 14 20 53 12 9 19 20 5 14 53 1 14 25 23 1 25 53 25 15 21 53 4 15 14 20 53 11 14 15 23 53 13 5
27 14 4 53 35 12 12 53 14 5 22 5 18 53 2 5 53 23 8 1 20 53 25 15 21 53 23 1 14 20 53 13 5 53 20 15 53 2 5
27 14 4 53 23 8 1 20 53 4 15 53 25 15 21 53 20 8 9 14 11 53 25 15 21 4 53 21 14 4 5 18 19 20 1 14 4
35 13 53 1 53 2 15 25 53 14 15 53 35 13 53 1 53 13 1 14
51 15 21 53 3 1 14 20 53 20 1 11 5 53 13 5 53 1 14 4 53 20 8 18 15 23 53 13 5 53 1 23 1 25
27 14 4 53 8 15 23 53 3 1 14 53 25 15 21 53 12 5 1 18 14 53 23 8 1 20 19 53 14 5 22 5 18 53 19 8 15 23 14
51 5 1 8 53 25 15 21 53 19 20 1 14 4 53 8 5 18 5 53 15 14 53 25 15 21 18 53 15 23 14
46 8 5 25 53 4 15 14 20 53 11 14 15 23 53 13 5 53 3 1 21 19 5 53 35 13 53 14 15 20 53 8 5 18 5
27 14 4 53 35 53 23 1 14 20 53 1 53 13 15 13 5 14 20 53 20 15 53 2 5 53 18 5 1 12
49 1 14 14 1 53 20 15 21 3 8 53 20 8 9 14 7 19 53 35 53 4 15 14 20 53 6 5 5 12
49 1 14 14 1 53 8 15 12 4 53 15 14 53 1 14 4 53 6 5 5 12 53 35 53 2 5 12 15 14 7
27 14 4 53 8 15 23 53 3 1 14 53 20 8 5 53 23 15 18 12 4 53 23 1 14 20 53 13 5 53 20 15 53 3 8 1 14 7 5
46 8 5 25 18 5 53 20 8 5 53 15 14 5 19 53 20 8 1 20 53 19 20 1 25 53 20 8 5 53 19 1 13 5
27 14 4 53 25 15 21 53 19 5 5 53 20 8 5 53 20 8 9 14 7 19 53 20 8 5 25 53 14 5 22 5 18 53 19 5 5
27 12 12 53 25 15 21 53 23 1 14 20 5 4 53 35 53 3 15 21 12 4 53 2 5
40 15 23 53 25 15 21 53 11 14 15 23 53 13 5 53 1 14 4 53 35 13 53 14 15 20 53 1 6 18 1 9 4
27 14 4 53 35 53 23 1 14 14 1 53 20 5 12 12 53 25 15 21 53 23 8 15 53 35 53 1 13
29 1 14 53 25 15 21 53 8 5 12 16 53 13 5 53 2 5 53 1 53 13 1 14
46 8 5 25 53 3 1 14 20 53 2 18 5 1 11 53 13 5 53 1 19 53 12 15 14 7 53 1 19 53 35 53 11 14 15 23 53 23 8 15 53 35 53 1 13
46 8 5 25 53 3 1 14 20 53 19 5 5 53 13 5 53 2 21 20 53 35 13 53 19 20 9 12 12 53 8 5 18 5
46 8 5 25 53 3 1 14 20 53 20 5 12 12 53 13 5 53 23 8 15 53 20 15 53 2 5
29 1 21 19 5 53 35 13 53 14 15 20 53 23 8 1 20 53 20 8 5 25 53 19 5 5
51 5 1 8 53 20 8 5 53 23 15 18 12 4 53 9 19 53 19 20 9 12 12 53 19 12 5 5 16 9 14
49 8 9 12 5 53 35 53 11 5 5 16 53 15 14 53 4 18 5 1 13 9 14 7 53 6 15 18 53 13 5
27 14 4 53 20 8 5 9 18 53 23 15 18 4 19 53 1 18 5 53 10 21 19 20 53 23 8 9 19 16 5 18 19
27 14 4 53 12 9 5 19 53 20 8 1 20 53 35 12 12 53 14 5 22 5 18 53 2 5 12 9 5 22 5
27 14 4 53 8 15 23 53 3 1 14 53 20 8 5 25 53 19 1 25 53 35 53 14 5 22 5 18 53 3 8 1 14 7 5
35 13 53 20 8 5 53 15 14 5 53 14 15 23 53 3 1 21 19 5 53 35 13 53 19 20 9 12 12 53 8 5 18 5
35 13 53 20 8 5 53 15 14 5 53 3 1 21 19 5 53 35 13 53 19 20 9 12 12 53 8 5 18 5
35 13 53 19 20 9 12 12 53 8 5 18 5 53 35 13 53 19 20 9 12 12 53 8 5 18 5 53 35 13 53 19 20 9 12 12 53 8 5 18 5
29 1 14 4 25 53 19 8 5 19 53 19 23 5 5 20 53 12 9 11 5 53 3 1 14 4 25 53 9 14 53 13 25 53 22 5 9 14 19
28 1 2 25 53 35 13 53 4 25 9 14 7 53 6 15 18 53 1 14 15 20 8 5 18 53 20 1 19 20 5
27 14 4 53 5 22 5 18 25 53 14 9 7 8 20 53 13 25 53 13 9 14 4 53 9 19 53 18 21 14 14 9 14 7 53 1 18 15 21 14 4 53 8 5 18
46 8 21 14 4 5 18 19 53 7 5 20 20 9 14 7 53 12 15 21 4 5 18 53 1 14 4 53 12 15 21 4 5 18
28 1 2 25 53 25 15 21 18 5 53 12 9 11 5 53 12 9 7 8 20 14 9 14 7 53 9 14 53 1 53 2 15 20 20 12 5
35 53 3 1 14 20 53 12 5 20 53 25 15 21 53 7 15 53 14 15 23 53 20 8 1 20 53 35 53 7 15 20 53 9 20
27 14 4 53 1 12 12 53 35 53 14 5 5 4 53 9 19 53 20 15 53 2 5 53 19 20 18 21 3 11
28 25 53 25 15 21 18 53 5 12 5 3 20 18 9 3 53 12 15 22 5
28 1 2 25 53 25 15 21 18 53 5 12 5 3 20 18 9 3 53 12 15 22 5 53 1 8
31 12 5 3 20 18 9 3 53 12 15 22 5 53 1 8 1 8
30 18 15 23 14 53 13 5 53 4 18 15 23 14 53 13 5 53 25 15 21 53 13 1 11 5 53 13 25 53 8 5 1 18 20 53 2 5 1 20 53 12 9 11 5 53 20 8 5 53 18 1 9 14
45 21 18 18 15 21 14 4 53 13 5 53 15 8 53 8 15 12 4 53 13 5 53 4 5 5 16 53 2 5 14 5 1 20 8 53 25 15 21 18 53 23 1 22 5 19
46 8 21 14 4 5 18 19 53 7 5 20 20 9 14 7 53 12 15 21 4 5 18 53 1 14 4 53 12 15 21 4 5 18 53 1 14 4 53 12 15 21 4 5 18
44 21 19 8 9 14 7 53 20 8 18 15 21 7 8 53 13 5
35 53 6 5 5 12 53 25 15 21 18 53 5 14 5 18 7 25 53 18 21 19 8 9 14 7 53 20 8 18 15 21 7 8 53 13 5
28 1 2 25 53 25 15 21 18 53 5 12 5 3 20 18 9 3
48 5 18 19 5 53
41 12 4 53 19 21 9 20 3 1 19 5 53 3 12 5 1 14 53 7 5 20 1 23 1 25
35 13 53 20 8 5 53 15 14 5 53 23 8 15 53 20 1 11 5 19 53 20 8 5 53 2 12 1 13 5 53 1 7 1 9 14
40 5 23 53 4 1 25 53 2 21 20 53 20 8 5 53 19 1 13 5 53 12 9 14 5 19
35 53 6 5 5 12 53 12 9 11 5 53 1 53 22 9 3 20 9 13 53 15 6 53 20 8 5 53 4 15 12 12 1 18 53 19 9 7 14
27 12 12 53 20 8 5 19 5 53 25 5 1 18 19 53 15 14 53 13 25 53 15 23 14
32 9 7 8 20 53 13 25 53 6 9 7 8 20 53 1 12 12 53 1 12 15 14 5
46 9 12 53 25 15 21 53 3 1 13 5 53 4 15 14 20 53 25 15 21 53 11 14 15 23
30 15 14 20 53 25 15 21 53 11 14 15 23
28 1 2 25 53 25 15 21 18 5 53 20 8 5 53 8 9 7 8 12 9 7 8 20 53 15 6 53 13 25 53 12 15 23 12 9 6 5 53 1 25 25 53 38 15 23 12 9 6 5 53 12 15 23 12 9 6 5
46 1 11 5 53 1 53 19 8 9 20 20 25 53 4 1 25 53 1 14 4 53 13 1 11 5 53 9 20 53 1 12 18 9 7 8 20 53 25 5 1 8 53 1 12 18 9 7 8 20
41 8 53 9 14 53 5 22 5 18 25 53 3 9 18 3 21 13 19 20 1 14 3 5
51 5 1 8 53 25 15 21 53 13 1 11 5 53 20 8 5 53 4 9 6 6 5 18 5 14 3 5
28 1 2 25 53 25 15 21 18 5 53 20 8 5 53 8 9 7 8 12 9 7 8 20 53 15 6 53 13 25 53 12 15 23 12 9 6 5 53 12 15 23 12 9 6 5
38 15 23 12 9 6 5 53 12 15 23 12 9 6 5
46 8 9 19 53 2 1 4 53 20 1 19 20 5 53 20 8 5 19 5 53 8 5 1 4 1 3 8 5 19
49 1 11 5 53 21 16 53 15 14 53 20 8 5 53 6 12 15 15 18 53 1 7 1 9 14 53 1 8 53 25 5 1 8
39 25 53 20 15 18 14 53 4 18 5 19 19 53 20 8 9 19 53 6 1 9 12 5 4 53 20 5 19 20
45 15 15 14 53 20 8 5 25 53 23 9 12 12 53 2 5 53 5 18 1 19 5 4
20 8 5 53 7 18 21 4 7 5
41 12 9 22 9 1 53 44 15 4 18 9 7 15
12 1 3 25
37 14 15 3 11 15 6 6
42 15 16 16 25
27 14 4 53 35 53 7 5 20 53 19 15 53 12 15 14 5 12 25
35 53 3 1 14 20 53 13 1 11 5 53 9 20 53 15 14 53 13 25 53 15 23 14
27 14 4 53 35 53 14 5 5 4 53 20 15 53 3 1 12 12 53 25 1
29 1 14 53 25 15 21 53 3 15 13 5 53 20 15 53 13 25 53 3 8 1 20 5 1 21
46 1 11 5 53 13 5 53 9 14 53 25 15 21 18 53 1 18 13 19 53 1 14 4
34 15 12 4 53 13 5 53 20 9 7 8 20 53 25 5 1 8 53 16 21 12 12 53 13 5 53 3 12 15 19 5
49 8 9 19 16 5 18 53 9 14 53 13 25 53 5 1 18
27 12 12 53 35 53 23 1 14 20 53 25 15 21 53 20 15 53 19 1 25 53 9 19
28 1 2 25 53 25 15 21 18 5 53 20 8 5 53 8 9 7 8 12 9 7 8 20 53 15 6 53 13 25 53 12 15 23 12 9 6 5 53 1 25 25
27 12 15 14 5 53 9 14 53 1 53 3 18 15 23 4 5 4 53 18 15 15 13
39 25 53 5 25 5 19 53 23 9 12 12 53 19 5 1 18 3 8 53 6 15 18 53 25 15 21
27 2 1 14 4 15 14 5 4 53 2 25 53 13 25 53 3 15 13 16 1 14 25
35 12 12 53 19 5 1 18 3 8 53 6 15 18 53 23 8 1 20 19 53 9 14 53 6 18 15 14 20 53 15 6 53 13 5
27 14 4 53 8 15 16 5 53 20 8 1 20 53 35 53 6 9 14 4 53 19 15 13 5 20 8 9 14 7 53 14 5 23
39 25 53 8 5 1 18 20 53 9 19 53 12 9 11 5 53 20 8 5 53 15 3 5 1 14 53 19 5 1 18 3 8 9 14 7
45 5 1 18 3 8 9 14 7 53 6 15 18 53 20 8 5 53 19 8 15 18 5 53 35 13 53 12 5 1 18 14 9 14 7
46 8 5 18 5 53 13 21 19 20 53 2 5 53 19 15 13 5 20 8 9 14 7 53 13 15 18 5 53 20 8 1 14 53 4 18 5 1 13 9 14 7
41 15 8 15 15 8 15 15 8 15 15 8 15 15 8 15 15 15 8 53 15 15 8 15 15 8 15 15 8 15 15 8 15 15 8 15 15 15 8
41 15 8 15 15 8 15 15 8 15 15 8 15 15 8 15 15 15 8
46 8 9 19 53 8 5 1 18 20 53 15 6 53 13 9 14 5 53 9 19 53 20 9 18 5 4
28 21 20 53 13 25 53 6 5 5 20 53 23 9 12 12 53 14 15 20 53 18 5 20 9 18 5
46 8 5 53 1 12 3 15 8 15 12 53 23 9 12 12 53 14 15 20 53 19 21 16 16 18 5 19 19
46 8 5 53 6 5 1 18 53 15 6 53 4 5 1 20 8 53 1 14 4 53 12 15 14 5 12 9 14 5 19 19
35 53 11 14 15 23 53 20 8 1 20 53 35 13 53 14 15 20 53 1 12 15 14 5
35 22 5 53 23 18 5 19 20 12 5 4 53 23 9 20 8 53 20 8 5 53 20 18 21 20 8 53 6 15 18 53 17 21 9 20 5 53 19 15 13 5 53 20 9 13 5
27 14 4 53 35 22 5 53 2 5 5 14 53 4 18 15 23 14 9 14 7 53 9 14 53 20 8 9 19 53 18 5 19 20 12 5 19 19 53 13 9 14 4
35 13 53 19 9 3 11 53 15 6 53 2 5 9 14 7 53 19 15 53 21 14 19 1 20 9 19 6 9 5 4
46 5 12 12 53 13 5 53 20 8 1 20 53 20 8 5 53 1 14 19 23 5 18 19 53 18 9 7 8 20
33 15 4 53 1 18 5 53 51 15 21 53 1 23 1 11 5 53 1 20 53 14 9 7 8 20
29 1 21 19 5 53 35 22 5 53 2 5 5 14 53 1 2 1 14 4 15 14 5 4 53 2 25 53 13 25 53 3 15 13 16 1 14 25
28 1 2 25 53 35 53 4 15 14 20 53 6 5 5 12 53 19 15 53 7 15 15 4 53 19 9 24 53 23 15 18 4 19 53 25 15 21 53 14 5 22 5 18 53 21 14 4 5 18 19 20 15 15 4
35 12 12 53 14 5 22 5 18 53 12 5 20 53 25 15 21 53 7 15 53 6 9 22 5 53 23 15 18 4 19 53 25 15 21 12 12 53 14 5 22 5 18 53 19 1 25 53 1 23 23
35 53 12 1 21 7 8 53 1 12 15 14 7 53 12 9 11 5 53 14 15 20 8 9 14 7 19 53 23 18 15 14 7 53 6 15 21 18 53 4 1 25 19 53 8 1 19 53 14 5 22 5 18 53 6 5 12 20 53 19 15 53 12 15 14 7
35 6 53 20 8 18 5 5 19 53 1 53 3 18 15 23 4 53 1 14 4 53 20 23 15 53 23 1 19 53 21 19 53 15 14 5 53 19 12 9 16 16 5 4 53 1 23 1 25 53 8 1 8 1 8 1 8 1 8 1
35 53 10 21 19 20 53 23 1 14 14 1 53 13 1 11 5 53 25 15 21 53 6 5 5 12 53 15 11 1 25
28 21 20 53 1 12 12 53 25 15 21 53 4 15 53 9 19 53 12 15 15 11 53 20 8 5 53 15 20 8 5 18 53 23 1 25
35 53 3 1 14 20 53 20 5 12 12 53 25 15 21 53 8 15 23 53 13 21 3 8 53 35 53 23 9 19 8 53 35 53 4 9 4 14 20 53 23 1 14 14 1 53 19 20 1 25
35 53 10 21 19 20 53 11 9 14 4 1 53 23 9 19 8 53 25 15 21 53 23 5 18 5 53 7 1 25
35 19 53 20 8 5 18 5 53 1 53 18 5 1 19 15 14 53 23 5 18 5 53 14 15 20 53 20 8 18 15 21 7 8
35 19 53 20 8 5 18 5 53 1 53 19 20 5 16 53 10 21 19 20 53 6 15 18 53 25 15 21
41 21 18 53 3 15 14 22 5 18 19 1 20 9 15 14 19 53 1 12 12 53 9 14 53 2 12 21 5
53 8 5 25 19 53 34 5 25 53 8 5 25 53 8 5 25 53 8 5 25
46 5 14 53 6 9 14 7 5 18 19 53 20 5 1 18 9 14 53 15 21 20 53 13 25 53 8 1 9 18
40 9 14 5 53 20 9 13 5 19 53 25 15 21 53 14 5 22 5 18 53 13 1 4 5 53 9 20 53 20 8 5 18 5
35 53 1 20 5 53 1 12 15 14 5 53 1 20 53 19 5 22 5 14 53 25 15 21 53 23 5 18 5 53 19 9 24 53 13 9 14 21 20 5 19 53 1 23 1 25
34 15 23 53 1 13 53 35 53 19 21 16 16 15 19 5 4 53 20 15 53 13 1 11 5 53 25 15 21 53 6 5 5 12 53 15 11 1 25
49 8 5 14 53 1 12 12 53 25 15 21 53 4 15 53 9 19 53 23 1 12 11 53 20 8 5 53 15 20 8 5 18 53 23 1 25
46 15 53 19 16 1 18 5 53 13 25 53 16 18 9 4 5
46 15 53 7 9 22 5 53 25 15 21 18 53 12 1 3 11 53 15 6 53 9 14 20 5 18 5 19 20 53 1 14 53 5 24 16 12 1 14 1 20 9 15 14
30 15 14 20 53 19 1 25 53 35 13 53 14 15 20 53 25 15 21 18 53 20 25 16 5
36 21 19 20 53 19 1 25 53 20 8 1 20 53 35 13 53 14 15 20 53 25 15 21 18 53 16 18 5 6 5 18 18 5 4 53 19 5 24 21 1 12 53 15 18 9 5 14 20 1 20 9 15 14
35 13 53 19 15 53 19 5 12 6 9 19 8
28 21 20 53 25 15 21 53 13 1 11 5 53 13 5 53 6 5 5 12 53 8 5 12 16 12 5 19 19 53 25 5 1 8
27 14 4 53 35 53 3 1 14 20 53 19 20 1 14 4 53 1 14 15 20 8 5 18 53 4 1 25
45 20 1 14 4 53 1 14 15 20 8 5 18 53 4 1 25
28 21 20 53 1 12 12 53 25 15 21 53 4 15 53 9 19 53 12 15 15 11 53 20 8 5 53 15 20 8 5 18 53 23 1 25 53 8 13 13
34 5 25 53 35 53 8 5 1 18 53 20 8 5 53 22 15 9 3 5 53 15 6 53 1 53 16 18 5 1 3 8 5 18 53 6 18 15 13 53 20 8 5 53 2 1 3 11 53 18 15 15 13
29 1 12 12 9 14 7 53 13 25 53 14 1 13 5 53 1 14 4 53 35 53 6 15 12 12 15 23 53 10 21 19 20 53 20 15 53 6 9 14 4 53 25 15 21
35 53 20 18 1 3 5 53 20 8 5 53 6 1 9 20 8 53 20 15 53 1 53 2 18 15 11 5 14 53 4 15 23 14 53 20 5 12 5 22 9 19 9 15 14 53 1 14 4 53 16 21 20 53 15 14 53 20 8 5 53 23 5 1 20 8 5 18
27 14 4 53 35 22 5 53 20 18 1 9 14 5 4 53 13 25 19 5 12 6 53 20 15 53 7 9 22 5 53 21 16 53 15 14 53 20 8 5 53 16 1 19 20 53 3 1 21 19 5
35 53 6 18 15 26 5 14 53 20 9 13 5 53 2 5 20 23 5 5 14 53 8 5 1 18 19 5 19 53 1 14 4 53 3 1 19 11 5 20 19
38 15 19 20 53 3 15 14 20 18 15 12 53 23 8 5 14 53 35 53 16 1 14 9 3 11 5 4 53 1 20 53 20 8 5 53 1 3 9 4 53 20 5 19 20
35 53 23 1 14 14 1 53 7 5 20 53 2 5 20 20 5 18
49 8 9 12 5 53 13 25 53 6 18 9 5 14 4 19 53 23 5 18 5 53 7 5 20 20 9 14 7 53 8 9 7 8 53 1 14 4 53 3 8 1 19 9 14 7 53 7 9 18 12 19 53 4 15 23 14 53 16 1 18 11 23 1 25 53 12 9 14 5 19
35 53 23 1 19 53 12 15 19 9 14 7 53 13 25 53 13 9 14 4 53 2 5 3 1 21 19 5 53 20 8 5 53 12 15 22 5 53 20 8 5 53 12 15 22 5 53 20 8 5 53 12 15 22 5 53 20 8 5 53 12 15 22 5 53 20 8 5 53 12 15 22 5
46 8 1 20 53 35 53 7 1 22 5 53 23 1 19 20 5 4 53 15 14 53 1 53 14 9 3 5 53 6 1 3 5
35 14 53 1 53 2 12 1 26 5 53 15 6 53 6 5 1 18 53 35 53 16 21 20 53 1 53 8 5 12 13 5 20 53 15 14 53 1 53 8 5 12 13 5 20
29 15 21 14 20 9 14 7 53 19 5 3 15 14 4 19 53 20 8 18 15 21 7 8 53 20 8 5 53 14 9 7 8 20 53 1 14 4 53 7 15 20 53 3 1 18 18 9 5 4 53 1 23 1 25
45 15 53 14 15 23 53 35 13 53 19 20 1 14 4 9 14 7 53 15 14 53 20 8 5 53 15 22 5 18 16 1 19 19 53 19 3 18 5 1 13 9 14 7 53 1 20 53 20 8 5 53 3 1 18 19
34 5 25 53 35 53 23 1 14 14 1 53 7 5 20 53 2 5 20 20 5 18
35 53 4 9 4 14 20 53 11 14 15 23 53 35 53 23 1 19 53 12 15 14 5 12 25 53 20 9 12 53 35 53 19 1 23 53 25 15 21 18 53 6 1 3 5
35 53 23 1 14 14 1 53 7 5 20 53 2 5 20 20 5 18 53 2 5 20 20 5 18 53 2 5 20 20 5 18 53 2 5 20 20 5 18
35 53 4 9 4 14 20 53 11 14 15 23 53 35 53 23 1 19 53 2 18 15 11 5 14 53 20 9 12 53 35 53 23 1 14 20 5 4 53 20 15 53 3 8 1 14 7 5
35 53 7 15 53 21 16 53 20 15 53 13 25 53 18 15 15 13 53 1 14 4 53 20 8 5 18 5 19 53 7 9 18 12 19 53 15 14 53 20 8 5 53 3 5 9 12 9 14 7
29 21 20 53 15 21 20 53 20 8 5 9 18 53 16 9 3 20 21 18 5 19 53 1 14 4 53 35 53 3 8 1 19 5 53 20 8 1 20 53 6 5 5 12 9 14 7
41 6 53 1 14 53 5 9 7 8 20 5 5 14 53 25 5 1 18 53 15 12 4 53 23 8 15 53 4 9 4 14 20 53 11 14 15 23 53 23 8 1 20 53 12 15 19 19 53 23 1 19
40 15 23 53 35 13 53 1 53 19 20 18 1 14 7 5 18
27 14 4 53 35 53 13 9 19 19 53 20 8 5 53 4 1 25 19 53 15 6 53 1 53 12 9 6 5 53 19 20 9 12 12 53 16 5 18 13 1 14 5 14 20
39 15 21 18 14 53 20 8 5 53 25 5 1 18 19 53 2 5 6 15 18 5 53 35 53 7 15 20 53 3 1 18 18 9 5 4 53 1 23 1 25
45 15 53 14 15 23 53 35 13 53 19 20 1 18 9 14 7 53 1 20 53 20 8 5 53 9 14 20 5 18 19 20 1 20 5 53 19 3 18 5 1 13 9 14 7 53 1 20 53 13 25 19 5 12 6
29 1 21 19 5 53 35 13 53 19 12 5 5 16 9 14 7 53 9 14 53 20 8 5 53 2 1 3 11 53 15 6 53 1 53 20 1 24 9
35 13 53 19 3 18 5 1 13 9 14 7 53 6 18 15 13 53 13 25 53 2 5 4 18 15 15 13 53 23 9 14 4 15 23
31 22 5 14 53 9 6 53 9 20 19 53 7 15 14 14 1 53 11 9 12 12 53 13 5
49 15 11 5 53 21 16 53 20 8 9 19 53 13 15 18 14 9 14 7 53 5 1 18 12 25 53 2 5 6 15 18 5 53 13 25 53 6 1 13 9 12 25
32 18 15 13 53 20 8 9 19 53 4 18 5 1 13 53 23 8 5 18 5 53 19 8 5 53 23 1 19 53 20 18 25 9 14 7 53 20 15 53 19 8 15 23 53 13 5
34 15 23 53 1 53 12 9 6 5 53 3 1 14 53 13 15 22 5 53 6 18 15 13 53 20 8 5 53 4 1 18 11 14 5 19 19
45 8 5 53 19 1 9 4 53 20 15 53 7 5 20 53 2 5 20 20 5 18
45 15 53 35 53 16 21 20 53 1 53 2 21 12 12 5 20 53 23 8 5 18 5 53 35 53 19 8 15 21 12 4 1 53 16 21 20 53 1 53 8 5 12 13 5 20
27 14 4 53 35 53 3 18 1 19 8 53 13 25 53 3 1 18 53 3 1 21 19 5 53 35 53 23 1 14 14 1 53 7 5 20 53 3 1 18 18 9 5 4 53 1 23 1 25
46 8 1 20 19 53 23 8 25 53 35 13 53 19 20 1 14 4 9 14 7 53 15 14 53 20 8 5 53 15 22 5 18 16 1 19 19 53 19 3 18 5 1 13 9 14 7 53 1 20 53 13 25 19 5 12 6
35 53 4 9 4 53 13 25 53 2 5 19 20 53 20 15 53 14 15 20 9 3 5
49 8 5 14 53 20 8 5 53 3 1 12 12 53 3 1 13 5 53 4 15 23 14 53 20 8 5 53 12 9 14 5
47 16 53 20 15 53 20 8 5 53 16 12 1 20 6 15 18 13 53 15 6 53 19 21 18 18 5 14 4 5 18
35 53 23 1 19 53 2 18 15 21 7 8 20 53 2 21 20 53 35 53 23 1 19 53 11 9 14 4
27 14 4 53 19 15 13 5 20 9 13 5 19 53 35 53 7 5 20 53 14 5 18 22 15 21 19
49 8 5 14 53 35 53 19 5 5 53 1 14 53 15 16 5 14 53 4 15 15 18
29 12 15 19 5 53 25 15 21 18 53 5 25 5 19
29 12 5 1 18 53 25 15 21 18 53 8 5 1 18 20
29 21 20 53 20 8 5 53 3 15 18 4
27 18 5 53 23 5 53 8 21 13 1 14
41 18 53 1 18 5 53 23 5 53 4 1 14 3 5 18
39 25 53 19 9 7 14 53 9 19 53 22 9 20 1 12
39 25 53 8 1 14 4 19 53 1 18 5 53 3 15 12 4
27 14 4 53 35 13 53 15 14 53 13 25 53 11 14 5 5 19
38 15 15 11 9 14 7 53 6 15 18 53 20 8 5 53 1 14 19 23 5 18
42 1 25 53 13 25 53 18 5 19 16 5 3 20 19 53 20 15 53 7 18 1 3 5 53 1 14 4 53 22 9 18 20 21 5
45 5 14 4 53 13 25 53 3 15 14 4 15 12 5 14 3 5 19 53 20 15 53 7 15 15 4
33 9 22 5 53 13 25 53 18 5 7 1 18 4 19 53 20 15 53 19 15 21 12 53 1 14 4 53 18 15 13 1 14 3 5
46 8 5 25 53 1 12 23 1 25 19 53 4 9 4 53 20 8 5 53 2 5 19 20 53 20 8 5 25 53 3 15 21 12 4
27 14 4 53 19 15 53 12 15 14 7 53 20 15 53 4 5 22 15 20 9 15 14
51 15 21 53 20 1 21 7 8 20 53 13 5 53 5 22 5 18 25 20 8 9 14 7 53 35 53 11 14 15 23
49 1 22 5 53 7 15 15 4 2 25 5
49 9 19 8 53 13 5 53 23 5 12 12
51 15 21 22 5 53 7 15 20 20 1 53 12 5 20 53 13 5 53 7 15
49 9 12 12 53 25 15 21 18 53 19 25 19 20 5 13 53 2 5 53 1 12 18 9 7 8 20
49 8 5 14 53 25 15 21 53 4 18 5 1 13 53 15 6 53 8 15 13 5 53 20 15 14 9 7 8 20
46 8 5 18 5 53 9 19 53 14 15 53 13 5 19 19 1 7 5 53 23 5 18 5 53 18 5 3 5 9 22 9 14 7
38 5 20 53 13 5 53 11 14 15 23 53 9 19 53 25 15 21 18 53 8 5 1 18 20 53 19 20 9 12 12 53 2 5 1 20 9 14 7
51 15 21 22 5 53 7 15 20 20 1 53 12 5 20 53 13 5 53 11 14 15 23
30 15 53 35 53 12 15 15 11 53 12 15 14 5 12 25
35 53 19 5 5 53 20 8 5 53 19 8 1 4 15 23 19 53 15 14 53 13 25 53 6 1 3 5
42 5 15 16 12 5 53 8 1 22 5 53 20 15 12 4 53 13 5 53 35 53 4 15 14 20 53 12 15 15 11 53 20 8 5 53 19 1 13 5
39 1 25 2 5 53 35 53 12 15 19 20 53 23 5 9 7 8 20
35 13 53 16 12 1 25 9 14 7 53 8 15 15 11 25 53 23 9 20 8 53 20 8 5 53 2 5 19 20 53 15 6 53 20 8 5 53 2 5 19 20
42 21 20 53 13 25 53 8 5 1 18 20 53 15 14 53 13 25 53 3 8 5 19 20 53 19 15 53 20 8 1 20 53 25 15 21 53 3 1 14 53 19 5 5 53 9 20 53 20 15 15
35 13 53 23 1 12 11 9 14 7 53 20 8 5 53 12 15 14 7 53 18 15 1 4 53 23 1 20 3 8 9 14 7 53 20 8 5 53 19 11 25 53 6 1 12 12
46 8 5 53 12 1 3 5 53 9 14 53 25 15 21 18 53 4 18 5 19 19 53 20 9 14 7 12 5 19 53 13 25 53 14 5 3 11 53 8 15 23 53 4 15 53 35 53 12 9 22 5
46 8 5 53 4 5 1 20 8 53 15 6 53 1 53 2 1 3 8 5 12 15 18
41 8 53 15 8
38 5 20 20 9 14 7 53 20 8 5 53 23 1 20 5 18 53 6 1 12 12
45 5 5 13 19 53 19 15 53 6 9 20 20 9 14 7 53 6 15 18
34 1 16 16 9 12 25 53 5 22 5 18 53 1 6 20 5 18 53 23 15 15
34 15 23 53 3 15 21 12 4 53 35 53 1 19 11 53 6 15 18 53 13 15 18 5
27 53 12 9 6 5 20 9 13 5 53 15 6 53 12 1 21 7 8 20 5 18
27 20 53 20 8 5 53 5 24 16 5 14 19 5 53 15 6 53 20 8 5 53 4 5 1 20 8 53 15 6 53 1 53 2 1 3 8 5 12 15 18
35 13 53 3 21 20 20 9 14 7 53 13 25 53 13 9 14 4 53 15 6 6
32 5 5 12 19 53 12 9 11 5 53 13 25 53 8 5 1 18 20 53 9 19 53 7 15 9 14 7 53 20 15 53 2 21 18 19 20
27 12 15 14 5 53 1 20 53 1 53 20 1 2 12 5 53 6 15 18 53 20 23 15 53 1 14 4 53 35 53 10 21 19 20 53 23 1 14 14 1 53 2 5 53 19 5 18 22 5 4
27 14 4 53 23 8 5 14 53 25 15 21 53 20 8 9 14 11 53 15 6 53 13 5 53 1 13 53 35 53 20 8 5 53 2 5 19 20 53 25 15 21 22 5 53 5 22 5 18 53 8 1 4
45 8 1 18 5 53 15 14 5 53 13 15 18 5 53 4 18 9 14 11 53 23 9 20 8 53 13 5 53 19 13 9 12 5 53 5 22 5 14 53 20 8 15 21 7 8 53 25 15 21 18 5 53 19 1 4
32 1 18 53 1 23 1 25
46 8 9 19 53 19 8 9 16 53 9 19 53 20 1 11 9 14 7 53 13 5 53 6 1 18 53 1 23 1 25
32 1 18 53 1 23 1 25 53 6 18 15 13 53 20 8 5 53 13 5 13 15 18 9 5 19
41 6 53 20 8 5 53 16 5 15 16 12 5 53 23 8 15 53 3 1 18 5 53 9 6 53 35 53 12 9 22 5 53 15 18 53 4 9 5
45 20 1 18 12 9 7 8 20
35 53 23 9 12 12 53 2 5 53 3 8 1 19 9 14 7 53 1 53 19 20 1 18 12 9 7 8 20
47 14 20 9 12 53 20 8 5 53 5 14 4 53 15 6 53 13 25 53 12 9 6 5
35 53 4 15 14 20 53 11 14 15 23 53 9 6 53 9 20 19 53 23 15 18 20 8 53 9 20 53 1 14 25 13 15 18 5
34 15 12 4 53 25 15 21 53 9 14 53 13 25 53 1 18 13 19
35 53 10 21 19 20 53 23 1 14 20 5 4 53 20 15 53 8 15 12 4
51 15 21 53 9 14 53 13 25 53 1 18 13 19
39 25 53 12 9 6 5
51 15 21 53 5 12 5 3 20 18 9 6 25 53 13 25 53 12 9 6 5
38 5 20 19 53 3 15 14 19 16 9 18 5 53 20 15 53 9 7 14 9 20 5
27 12 12 53 20 8 5 53 19 15 21 12 19 53 20 8 1 20 53 23 15 21 12 4 53 4 9 5 53 10 21 19 20 53 20 15 53 6 5 5 12 53 1 12 9 22 5
35 12 12 53 14 5 22 5 18 53 12 5 20 53 25 15 21 53 7 15
35 6 53 25 15 21 53 16 18 15 13 9 19 5 53 14 15 20 53 20 15 53 6 1 4 5 53 1 23 1 25
40 5 22 5 18 53 6 1 4 5 53 1 23 1 25
41 21 18 53 8 15 16 5 19 53 1 14 4 53 5 24 16 5 3 20 1 20 9 15 14 19
28 12 1 3 11 53 8 15 12 5 19 53 1 14 4 53 18 5 22 5 12 1 20 9 15 14 19
28 12 1 3 11 53 8 15 12 5 19 53 1 14 4 53 18 5 22 5 12 1 20 9 15 14 19 53 25 5 1 8
49 8 5 18 5 53 9 19 53 25 15 21 18 53 2 15 25 53 20 15 14 9 7 8 20
35 53 8 15 16 5 53 8 5 53 9 19 53 1 53 7 5 14 20 12 5 13 1 14
27 14 4 53 13 1 25 2 5 53 8 5 53 23 15 14 20 53 6 9 14 4 53 15 21 20 53 23 8 1 20 53 35 53 11 14 15 23
51 15 21 53 23 5 18 5 53 20 8 5 53 12 1 19 20 53 7 15 15 4 53 20 8 9 14 7 53 1 2 15 21 20 53 20 8 9 19 53 16 1 18 20 53 15 6 53 20 15 23 14
49 8 5 14 53 35 53 23 1 11 5 53 21 16
35 13 53 23 9 12 12 9 14 7 53 20 15 53 20 1 11 5 53 13 25 53 3 8 1 14 3 5 19 53 15 14
46 8 5 53 8 15 16 5 53 35 53 6 15 18 7 5 20 53 20 8 1 20 53 25 15 21 53 8 1 20 5 53 8 9 13 53 13 15 18 5 53 20 8 1 14 53 25 15 21 53 14 15 20 9 3 5
35 53 23 18 15 20 5 53 20 8 9 19 53 6 15 18 53 25 15 21 53 6 15 18 53 25 15 21 53 19 15
51 15 21 53 14 5 5 4 53 8 9 13 53 35 53 3 15 21 12 4 53 2 5 53 8 9 13
35 53 3 15 21 12 4 53 2 5 53 1 14 53 1 3 3 9 4 5 14 20 53 2 21 20 53 35 13 53 19 20 9 12 12 53 20 18 25 9 14
27 14 4 53 20 8 1 20 19 53 13 15 18 5 53 20 8 1 14 53 35 53 3 1 14 53 19 1 25 53 6 15 18 53 8 9 13
45 15 13 5 4 1 25 53 35 12 12 53 1 16 16 18 5 3 9 1 20 5 53 9 14 53 22 1 12 21 5
33 5 20 53 15 6 6 53 13 25 53 1 19 19 53 1 14 4 53 3 1 12 12 53 25 15 21
46 8 5 53 13 5 1 14 53 20 9 13 5 53 35 12 12 53 19 16 15 18 20 53 13 25 53 2 18 1 14 4 53 14 5 23 53 6 1 19 8 9 15 14
41 6 53 23 1 11 9 14 7 53 21 16 53 23 9 20 8 53 16 1 14 20 19 53 15 14 53 1 20 53 6 15 21 18 53 9 14 53 20 8 5 53 1 6 20 5 18 14 15 15 14
41 14 5 53 20 23 15 53 20 8 18 5 5 53 6 15 21 18
49 15 14 20 53 6 9 14 4 53 15 21 20
34 5 53 23 15 14 20 53 6 9 14 4 53 15 21 20
39 1 25 2 5 53 8 5 53 23 15 14 20 53 6 9 14 4 53 15 21 20 53 23 8 1 20 53 35 53 11 14 15 23
35 14 53 20 8 5 53 13 15 18 14 9 14 7 53 23 8 5 14 53 25 15 21 53 23 1 11 5 53 21 16
35 53 12 9 11 5 53 20 15 53 2 5 12 9 5 22 5 53 25 15 21 53 1 18 5 53 20 8 9 14 11 9 14 7 53 15 6 53 13 5
27 14 4 53 23 8 5 14 53 20 8 5 53 19 21 14 53 3 15 13 5 19 53 20 8 18 15 21 7 8 53 25 15 21 18 53 23 9 14 4 15 23
35 53 12 9 11 5 53 20 15 53 2 5 12 9 5 22 5 53 25 15 21 22 5 53 2 5 5 14 53 4 18 5 1 13 9 14 7 53 15 6 53 13 5
30 18 5 1 13 9 14 7
35 53 11 14 15 23
29 1 21 19 5 53 35 4 53 19 16 5 14 4 53 8 1 12 6 53 20 8 9 19 53 13 15 18 14 9 14 7
46 8 9 14 11 9 14 7 53 1 2 15 21 20 53 20 8 5 53 20 19 8 9 18 20 53 25 15 21 53 19 12 5 5 16 53 9 14
35 53 19 8 15 21 12 4 53 11 14 15 23
29 1 21 19 5 53 35 4 53 19 16 5 14 4 53 1 12 12 53 20 8 5 53 23 8 15 12 5 53 4 1 25
38 9 19 20 5 14 9 14 7 53 20 15 53 25 15 21 18 53 13 5 19 19 1 7 5 53 35 13 53 11 5 5 16 9 14 7
27 14 4 53 14 5 22 5 18 53 4 5 12 5 20 9 14 7
49 8 5 14 53 35 53 19 1 23 53 25 15 21
31 22 5 18 25 15 14 5 53 11 14 5 23
35 53 12 9 11 5 4 53 20 8 5 53 5 6 6 5 3 20 53 20 8 1 20 53 25 15 21 53 8 1 4 53 15 14 53 13 25 53 5 25 5 19
28 21 20 53 14 15 53 15 14 5 53 5 12 19 5 53 8 5 1 18 4
46 8 5 53 23 5 9 7 8 20 53 15 6 53 25 15 21 18 53 23 15 18 4 19
41 18 53 6 5 12 20 53 20 8 5 53 5 6 6 5 3 20 53 20 8 1 20 53 20 8 5 25 53 8 1 22 5 53 15 14 53 13 25 53 13 9 14 4
32 1 12 12 9 14 7
35 13 53 19 20 9 12 12 53 1 12 9 22 5 53 2 21 20 53 35 13 53 2 1 18 5 12 25 53 2 18 5 1 20 8 9 14
36 21 19 20 53 16 18 1 25 5 4 53 20 15 53 1 53 33 15 4 53 20 8 1 20 53 35 53 4 15 14 20 53 2 5 12 9 5 22 5 53 9 14
29 1 21 19 5 53 35 53 7 15 20 53 20 9 13 5 53 23 8 9 12 5 53 19 8 5 53 7 15 20 53 6 18 5 5 4 15 13
29 1 21 19 5 53 23 8 5 14 53 1 53 8 5 1 18 20 53 2 18 5 1 11 19 53 14 15 53 9 20 53 4 15 14 20 53 2 18 5 1 11 53 5 22 5 14
34 5 18 53 2 5 19 20 53 4 1 25 19 53 23 9 12 12 53 2 5 53 19 15 13 5 53 15 6 53 13 25 53 23 15 18 19 20
45 8 5 53 6 9 14 1 12 12 25 53 13 5 20 53 1 53 13 1 14 53 20 8 1 20 19 53 7 15 14 14 1 53 16 21 20 53 8 5 18 53 6 9 18 19 20
49 8 9 12 5 53 35 13 53 23 9 4 5 53 1 23 1 11 5 53 19 8 5 19 53 14 15 53 20 18 15 21 2 12 5 53 19 12 5 5 16 9 14
29 1 21 19 5 53 23 8 5 14 53 1 53 8 5 1 18 20 53 2 18 5 1 11 19 53 14 15 53 9 20 53 4 15 14 20 53 2 18 5 1 11 53 5 22 5 14 53 5 22 5 14 53 14 15
49 8 1 20 53 1 13 53 35 53 19 21 16 16 15 19 5 4 53 20 15 53 4 15 53 23 8 5 14 53 20 8 5 53 2 5 19 20 53 16 1 18 20 53 15 6 53 13 5 53 23 1 19 53 1 12 23 1 25 19 53 25 15 21 53 27 14 4
49 8 1 20 53 1 13 53 35 53 19 21 16 16 15 19 5 4 53 20 15 53 19 1 25 53 23 8 5 14 53 35 13 53 1 12 12 53 3 8 15 11 5 4 53 21 16 53 20 8 1 20 53 25 15 21 18 5 53 15 11 1 25
35 13 53 6 1 12 12 9 14 53 20 15 53 16 9 5 3 5 19 53 25 5 1 8
35 13 53 6 1 12 12 9 14 53 20 15 53 16 9 5 3 5 19
46 8 5 25 53 19 1 25 53 2 1 4 53 20 8 9 14 7 19 53 8 1 16 16 5 14 53 6 15 18 53 1 53 18 5 1 19 15 14
28 21 20 53 14 15 53 23 9 19 5 53 23 15 18 4 19 53 7 15 14 14 1 53 19 20 15 16 53 20 8 5 53 2 12 5 5 4 9 14
29 1 21 19 5 53 19 8 5 19 53 13 15 22 5 4 53 15 14 53 23 8 9 12 5 53 35 13 53 19 20 9 12 12 53 7 18 9 5 22 9 14
27 14 4 53 23 8 5 14 53 1 53 8 5 1 18 20 53 2 18 5 1 11 19 53 14 15 53 9 20 53 4 15 14 20 53 2 18 5 1 11 53 5 22 5 14 53 5 22 5 14 53 14 15
27 14 4 53 23 8 1 20 53 1 13 53 35 53 7 15 9 14 7 53 20 15 53 4 15 53 23 8 5 14 53 20 8 5 53 2 5 19 20 53 16 1 18 20 53 15 6 53 13 5 53 23 1 19 53 1 12 23 1 25 19 53 25 15 21 53 27 14 4
41 14 5 53 19 20 9 12 12 53 9 14 53 12 15 22 5 53 23 8 9 12 5 53 20 8 5 53 15 20 8 5 18 53 15 14 5 19 53 12 5 1 22 9 14
41 8 53 25 15 21 53 7 15 20 53 8 9 19 53 8 5 1 18 20 53 1 14 4 53 13 25 53 8 5 1 18 20 53 1 14 4 53 14 15 14 5 53 15 6 53 20 8 5 53 16 1 9 14
51 15 21 53 20 15 15 11 53 25 15 21 18 53 19 21 9 20 3 1 19 5 53 35 53 20 15 15 11 53 20 8 5 53 2 12 1 13 5
40 15 23 53 35 13 53 20 18 25 14 1 53 13 1 11 5 53 19 5 14 19 5 53 15 6 53 23 8 1 20 53 12 9 20 20 12 5 53 18 5 13 1 9 14 19 53 15 8
29 1 21 19 5 53 25 15 21 53 12 5 6 20 53 13 5 53 23 9 20 8 53 14 15 53 12 15 22 5 53 1 14 4 53 14 15 53 12 15 22 5 53 20 15 53 13 25 53 14 1 13 5
29 1 21 19 5 53 23 8 5 14 53 1 53 8 5 1 18 20 53 2 18 5 1 11 19 53 14 15 53 9 20 53 4 15 14 20 53 2 18 5 1 11
40 15 53 9 20 53 4 15 14 20 53 2 18 5 1 11 53 14 15 53 9 20 53 4 15 14 20 53 2 18 5 1 11 53 5 22 5 14 53 14 15
49 8 1 20 53 1 13 53 35 53 7 15 14 14 1 53 4 15 53 23 8 5 14 53 20 8 5 53 2 5 19 20 53 16 1 18 20 53 15 6 53 13 5 53 23 1 19 53 1 12 23 1 25 19 53 25 15 21 53 27 14 4
41 8 53 20 8 1 20 53 25 15 21 18 5 53 15 11 1 25 53 14 15 23
35 13 53 6 1 12 12 9 14 53 20 15 53 16 9 5 3 5 19 53 15 8 53 35 13 53 6 1 12 12 9 14 53 6 1 12 12 9 14 53 25 5 1 8
41 8 53 9 20 53 4 15 14 20 53 2 18 5 1 11 53 5 22 5 14 53 14 15
46 8 5 19 5 53 23 15 18 4 19 53 1 18 5 53 19 21 16 16 15 19 5 4 53 20 15 53 2 5 53 19 9 13 16 12 5
28 21 20 53 9 20 53 19 5 5 13 19 53 20 8 1 20 19 53 14 15 20 53 20 8 5 53 3 1 19 5
46 8 9 19 53 16 1 7 5 53 9 19 53 19 20 1 18 9 14 7 53 2 1 3 11 53 1 20 53 13 5
35 13 53 1 6 18 1 9 4 53 20 15 53 16 21 20 53 1 53 13 1 18 11 53 15 14 53 9 20 19 53 6 1 3 5
41 8 53 35 13 53 10 21 19 20 53 20 18 25 14 1 53 9 14 20 18 15 4 21 3 5 53 25 15 21
46 15 53 20 8 9 19 53 9 4 5 1 53 20 8 1 20 53 35 22 5 53 7 18 15 23 14 53 21 19 5 4 53 20 15
35 20 19 53 12 9 11 5 53 19 8 1 18 9 14 7 53 1 53 4 18 5 1 13 53 23 9 20 8 53 19 15 13 5 15 14 5
41 14 3 5 53 25 15 21 53 19 1 25 53 9 20 53 15 21 20 53 12 15 21 4 53 9 20 53 3 1 14 20 53 2 5 53 21 14 4 15 14 5
35 4 53 10 21 13 16 53 15 6 6 53 1 14 4 53 9 14 20 15 53 25 15 21 18 53 1 18 13 19
28 21 20 53 35 53 3 1 14 20 53 20 18 21 19 20 53 20 8 5 53 6 1 12 12
46 1 11 5 53 13 25 53 22 15 9 3 5 53 35 13 53 7 9 22 9 14 7 53 9 20 53 20 8 15 21 7 8
35 53 4 15 14 20 53 6 5 5 12 53 19 1 6 5 53 1 20 53 1 12 12
35 53 3 1 14 20 53 20 18 21 19 20 53 20 8 5 53 6 1 12 12
35 20 19 53 12 9 11 5 53 23 1 11 9 14 7 53 21 16 53 9 14 53 19 21 18 7 5 18 25
35 53 3 1 14 20 53 19 5 5 13 53 20 15 53 19 5 5 53 18 9 7 8 20 53 16 1 19 20 53 20 8 5 53 12 9 7 8 20 19 53 1 14 4 53 35 13
45 15 53 19 3 1 18 5 4 53 20 15 53 20 1 11 5 53 1 53 11 14 9 6 5 53 20 15 53 13 25 53 3 8 5 19 20
38 5 20 53 25 15 21 53 19 5 5 53 20 8 5 53 8 5 1 18 20 53 20 8 1 20 19 53 9 14 19 9 4 5
51 5 1 8 53 15 14 3 5 53 25 15 21 53 19 1 25 53 9 20 53 15 21 20 53 12 15 21 4 53 9 20 53 3 1 14 20 53 2 5 53 21 14 4 15 14 5
28 21 20 53 35 53 3 1 14 20 53 20 18 21 19 20 53 20 8 5 53 6 1 12 12 53 35 53 3 1 14 20 53 20 18 21 19 20 53 20 8 5 53 6 1 12 12
35 53 4 15 14 20 53 6 5 5 12 53 19 1 6 5 53 1 20 53 1 12 12 53 4 15 14 20 53 6 5 5 12 53 19 1 6 5 53 1 20 53 1 12 12
45 8 5 53 16 21 20 53 13 25 53 14 1 13 5 53 23 9 20 8 53 25 5 12 12 15 23 53 8 5 1 18 20 19
34 5 18 53 6 1 22 15 18 9 20 5 53 3 15 12 15 18 53 12 9 11 5 53 20 8 5 53 19 20 1 18 19
35 53 4 9 4 14 20 53 12 9 19 20 5 14 53 22 5 18 25 53 8 1 18 4
49 8 5 14 53 19 8 5 53 20 15 12 4 53 13 5 53 19 8 5 53 23 1 19 53 3 18 1 26 25 53 6 18 15 13 53 20 8 5 53 19 20 1 18 20
35 53 19 1 9 4 53 19 8 5 53 23 1 19 53 1 53 23 15 18 11 53 15 6 53 1 18 20
35 53 4 18 9 22 5 53 4 15 23 14 53 15 16 5 14 53 18 15 1 4 19 53 19 15 53 19 12 15 23
34 5 18 5 53 3 15 13 5 19 53 20 8 5 53 20 18 1 9 14 53 35 53 12 5 20 53 9 20 53 7 15
27 9 14 20 53 7 15 20 53 14 15 2 15 4 25 53 15 14 53 13 25 53 16 8 15 14 5
35 53 4 15 14 20 53 12 9 11 5 53 2 5 9 14 7 53 1 12 12 53 1 12 15 14 5
40 15 20 53 7 15 15 4 53 1 20 53 11 5 5 16 9 14 7 53 23 9 20 8 53 20 8 5 53 20 18 5 14 4 19
46 15 15 53 7 15 15 4 53 1 20 53 23 5 12 3 15 13 9 14 7 53 1 13 5 14 4 19
35 20 19 53 2 5 5 14 53 1 53 23 8 9 12 5 53 19 9 14 3 5 53 35 53 8 5 1 18 4 53 8 5 18
45 1 25 53 20 8 1 20 53 23 5 53 23 5 18 5 53 13 15 18 5 53 20 8 1 14 53 6 18 9 5 14 4 19
41 8 53 35 53 35 35 35 53 11 14 15 23 53 1 53 12 15 20 53 9 19 53 7 15 9 14 7 53 15 14
28 21 20 53 7 9 18 12 53 16 12 5 1 19 5 53 20 5 12 12 53 13 5 53 1 14 4 53 35 12 12 53 12 5 20 53 25 15 21 53 2 5
27 18 5 53 25 15 21 53 19 20 9 12 12 53 23 9 20 8 53 13 5 53 15 18 53 14 15 20
45 8 5 53 16 21 20 53 25 5 12 12 15 23 53 8 5 1 18 20 19 53 1 18 15 21 14 4 53 13 25 53 14 1 13 5
35 53 20 8 15 21 7 8 20 53 20 8 5 25 53 23 5 18 5 53 1 12 12 53 10 21 19 20 53 20 8 5 53 19 1 13 5
46 15 53 25 15 21 53 23 8 1 20 53 4 15 53 20 8 5 25 53 18 5 1 12 12 25 53 13 5 1 14
34 1 22 5 53 25 15 21 53 15 14 12 25 53 2 5 5 14 53 16 12 1 25 9 14 7 53 7 1 13 5 19
35 13 53 2 25 53 20 8 5 53 7 1 18 4 5 14 53 23 9 20 8 53 20 8 5 53 3 1 18 16 5 14 20 5 18 53 2 5 5 19
38 9 11 5 53 35 13 53 28 15 2 53 44 15 19 19 9 14 53 23 9 20 8 53 1 53 34 1 18 4 5 14 53 2 5 1 18 4
46 1 11 9 14 7 53 9 20 53 1 12 12 53 9 14 53 12 9 11 5 53 35 53 7 15 20 53 14 15 53 9 19 19 21 5 19 53 9 14 53 13 25 53 14 1 20 21 18 5
42 18 9 13 18 15 19 5 19 53 2 12 15 15 13 9 14 7 53 9 14 53 20 8 5 53 14 9 7 8 20
28 9 18 4 19 53 23 1 14 14 1 53 20 1 11 5 53 13 5 53 15 14 53 1 53 6 12 9 7 8 20
27 16 16 18 5 3 9 1 20 9 14 7 53 13 25 53 12 1 14 4 53 2 5 6 15 18 5 53 9 20 53 20 21 18 14 19 53 9 14 20 15 53 1 53 7 12 1 3 9 5 18
29 8 1 19 5 18 19 53 1 18 5 53 15 6 53 14 15 53 7 15 15 4 53 21 19 5
46 8 9 19 53 20 1 19 20 5 53 23 9 12 12 53 2 5 53 12 15 14 7 53 5 14 4 21 18 5 4
49 8 25 4 53 25 15 21 53 8 1 22 5 53 20 15 53 7 15 53 19 15 53 19 15 15 14
35 53 20 8 15 21 7 8 20 53 20 8 9 19 53 23 1 19 53 7 15 15 4 53 1 19 53 14 5 23
42 12 5 1 19 5 53 3 15 13 5 53 14 15 23 53 35 53 20 8 9 14 11 53 35 13 53 6 1 12 12 9 14 7
35 13 53 8 15 12 4 9 14 7 53 15 14 53 20 15 53 1 12 12 53 35 53 20 8 9 14 11 53 9 19 53 19 1 6 5
35 20 53 19 5 5 13 19 53 35 53 6 15 21 14 4 53 20 8 5 53 18 15 1 4 53 20 15 53 14 15 23 8 5 18 5
27 14 4 53 35 13 53 20 18 25 9 14 7 53 20 15 53 5 19 3 1 16 5
35 53 25 5 12 12 5 4 53 2 1 3 11 53 23 8 5 14 53 35 53 8 5 1 18 4 53 20 8 21 14 4 5 18
28 21 20 53 35 13 53 4 15 23 14 53 20 15 53 15 14 5 53 12 1 19 20 53 2 18 5 1 20 8
27 14 4 53 23 9 20 8 53 9 20 53 12 5 20 53 13 5 53 19 1 25 53 12 5 20 53 13 5 53 19 1 25
34 15 12 4 53 13 5 53 14 15 23
35 13 53 19 9 24 53 6 5 5 20 53 6 18 15 13 53 20 8 5 53 5 4 7 5 53 1 14 4 53 35 13 53 20 8 9 14 11 9 14 7
39 1 25 2 5 53 19 9 24 53 6 5 5 20 53 1 9 14 20 53 19 15 53 6 1 18 53 4 15 23 14
35 13 53 12 15 15 11 9 14 7 53 4 15 23 14 53 14 15 23 53 20 8 1 20 53 9 20 19 53 15 22 5 18
44 5 6 12 5 3 20 9 14 7 53 15 14 53 1 12 12 53 15 6 53 13 25 53 13 9 19 20 1 11 5 19
35 53 20 8 15 21 7 8 20 53 35 53 6 15 21 14 4 53 20 8 5 53 18 15 1 4 53 20 15 53 19 15 13 5 23 8 5 18 5
45 15 13 5 23 8 5 18 5 53 9 14 53 34 9 19 53 7 18 1 3 5
35 53 3 18 9 5 4 53 15 21 20 53 34 5 1 22 5 14 53 19 1 22 5 53 13 5 53 19 1 22 5 53 13 5
39 1 25 2 5 53 19 9 24 53 6 5 5 20 53 1 9 14 20 53 19 15 53 6 1 18 53 4 15 23 14 53 35 13 53 19 15 53 6 1 18 53 4 15 23 14
45 1 4 53 5 25 5 19 53 6 15 12 12 15 23 53 13 5
28 21 20 53 35 53 19 20 9 12 12 53 2 5 12 9 5 22 5 53 20 8 5 18 5 19 53 19 15 13 5 20 8 9 14 7 53 12 5 6 20 53 6 15 18 53 13 5
45 15 53 16 12 5 1 19 5 53 3 15 13 5 53 19 20 1 25 53 23 9 20 8 53 13 5
29 1 21 19 5 53 35 53 19 20 9 12 12 53 2 5 12 9 5 22 5 53 20 8 5 18 5 19 53 19 15 13 5 20 8 9 14 7 53 12 5 6 20 53 6 15 18 53 25 15 21 53 1 14 4 53 13 5
32 15 18 53 25 15 21 53 1 14 4 53 13 5 53 6 15 18 53 25 15 21 53 1 14 4 53 13 5
35 13 53 19 9 24 53 6 5 5 20 53 6 18 15 13 53 20 8 5 53 5 4 7 5 53 1 14 4 53 35 13 53 20 8 9 14 11 9 14 7 53 20 8 9 14 11 9 14 7
39 18 53 34 15 12 12 25 23 15 15 4 53 23 15 14 20 53 25 15 21 53 3 15 13 5 53 2 1 3 11 53 19 15 15 14
45 8 5 53 19 1 9 4 53 39 18 53 34 15 12 12 25 23 15 15 4 53 23 15 14 20 53 25 15 21 53 3 15 13 5 53 2 1 3 11 53 19 15 15 14
45 8 5 53 19 1 9 4 53 39 18 53 34 15 12 12 25 23 15 15 4 53 23 15 14 20 53 25 15 21 53 3 15 13 5 53 2 1 3 11 53 19 15 15 14 53 1 25 25 53 1 25 25
45 8 5 53 19 1 9 4
41 15 8 53 35 53 10 21 19 20 53 23 1 14 14 1 53 12 1 25 53 18 9 7 8 20 53 2 25 53 25 15 21 18 53 19 9 4 5
49 5 53 4 15 14 20 53 7 15 20 20 1 53 12 15 22 5 53 5 1 3 8 53 15 20 8 5 18 53 18 9 7 8 20
49 5 53 10 21 19 20 53 7 15 20 20 1 53 13 1 11 5 53 9 20 53 20 8 18 15 21 7 8 53 20 8 5 53 14 9 7 8 20
51 15 21 53 4 15 14 20 53 7 15 20 20 1 53 19 1 25
51 15 21 18 5 53 14 15 20 53 9 14 20 15 53 13 5 53 14 15 53 13 15 18 5
49 8 5 14 53 23 5 53 16 1 19 19 53 15 21 20 53 15 14 53 20 8 5 53 6 12 15 15 18
45 5 5 53 20 8 5 53 19 21 14 53 18 9 19 5 53 20 8 18 15 21 7 8 53 20 8 5 53 4 15 15 18
28 25 53 20 8 5 53 23 1 25 53 25 15 21 53 13 15 22 5 53 35 53 11 14 15 23 53 25 15 21 53 23 1 14 20 53 13 5 53 20 15
46 5 12 12 53 25 15 21 53 1 12 12 53 20 8 5 53 18 21 12 5 19 53 35 53 11 14 15 23 53 35 13 53 19 5 1 18 3 8 9 14 7 53 20 15 15
33 9 22 5 53 13 5 53 1 12 12 53 25 15 21 18 53 3 12 21 5 19 53 1 14 4 53 20 8 9 14 7 19 53 20 15 53 7 21 9 4 5 53 13 5 53 20 8 18 15 21 7 8
46 8 5 53 5 14 4 53 15 6 53 20 8 5 53 23 15 18 12 4 53 20 8 5 53 5 14 4 53 15 6 53 20 8 5 53 23 15 18 12 4
30 15 14 20 53 2 12 15 23 53 15 21 20 53 20 8 5 53 6 21 19 5 53 23 8 5 14 53 4 1 18 11 14 5 19 19 53 3 15 13 5 19 53 20 15 53 12 9 7 8 20
45 15 53 13 21 3 8 53 35 53 3 15 21 12 4 53 4 15 53 20 15 53 13 1 11 5 53 25 15 21 53 3 15 13 5 53 20 15 53 12 9 6 5
32 9 14 7 5 18 19 53 3 15 13 9 14 7 53 12 15 15 19 5 53 35 53 19 5 5 53 20 8 5 18 5 19 53 14 15 53 13 15 18 5 53 20 9 13 5
30 15 14 20 53 20 5 12 12 53 13 5 53 35 13 53 7 15 14 5 53 4 15 14 20 53 20 5 12 12 53 13 5 53 35 13 53 7 15 14 5
34 5 12 16 53 13 5 53 9 20 19 53 12 9 11 5 53 20 8 5 53 23 1 12 12 19 53 1 18 5 53 3 1 22 9 14 7 53 9 14
45 15 13 5 20 9 13 5 19 53 35 53 6 5 5 12 53 12 9 11 5 53 7 9 22 9 14 7 53 21 16
28 21 20 53 35 53 10 21 19 20 53 3 1 14 20
35 20 53 9 19 14 20 53 9 14 53 13 25 53 2 12 15 15 4
38 1 25 9 14 7 53 15 14 53 20 8 5 53 2 1 20 8 18 15 15 13 53 6 12 15 15 18 53 6 5 5 12 9 14 7 53 14 15 20 8 9 14 7
35 13 53 15 22 5 18 23 8 5 12 13 5 4 53 1 14 4 53 9 14 19 5 3 21 18 5 53 7 9 22 5 53 13 5 53 19 15 13 5 20 8 9 14 7
35 53 3 15 21 12 4 53 20 1 11 5 53 20 15 53 5 1 19 5 53 13 25 53 13 9 14 4 53 19 12 15 23 12 25
36 21 19 20 53 8 1 22 5 53 1 53 4 18 9 14 11 53 1 14 4 53 25 15 21 12 12 53 6 5 5 12 53 2 5 20 20 5 18
36 21 19 20 53 20 1 11 5 53 8 5 18 53 8 15 13 5 53 1 14 4 53 25 15 21 12 12 53 6 5 5 12 53 2 5 20 20 5 18
37 5 5 16 53 20 5 12 12 9 14 7 53 13 5 53 20 8 1 20 53 9 20 53 7 5 20 19 53 2 5 20 20 5 18
30 15 5 19 53 9 20 53 5 22 5 18
40 15 53 13 5 4 9 3 9 14 5 53 9 19 53 19 20 18 15 14 7 53 5 14 15 21 7 8
45 15 13 5 15 14 5 53 8 5 12 16 53 13 5
35 13 53 3 18 1 23 12 9 14 7 53 9 14 53 13 25 53 19 11 9 14
35 13 53 12 15 15 11 9 14 7 53 20 8 18 15 21 7 8 53 13 25 53 16 8 15 14 5 53 1 7 1 9 14 53 6 5 5 12 9 14 7 53 1 14 24 9 15 21 19
27 6 18 1 9 4 53 20 15 53 2 5 53 1 12 15 14 5 53 1 7 1 9 14 53 35 53 8 1 20 5 53 20 8 9 19
35 13 53 20 18 25 14 1 53 6 9 14 4 53 1 53 23 1 25 53 20 15 53 3 8 9 12 12 53 3 1 14 20 53 2 18 5 1 20 8 5 53 15 8
35 19 53 20 8 5 18 5 53 19 15 13 5 2 15 4 25 53 23 8 15 53 3 15 21 12 4 53 8 5 12 16 53 13 5
35 20 19 53 12 9 11 5 53 20 8 5 53 23 1 12 12 19 53 1 18 5 53 3 1 22 9 14 7 53 9 14
35 20 53 9 19 14 20 53 9 14 53 13 25 53 2 12 15 15 4 53 15 8
35 53 14 5 5 4 53 19 15 13 5 2 15 4 25 53 14 15 23
45 15 13 5 15 14 5 53 20 15 53 8 5 12 16 53 13 5 53 15 21 20
35 20 53 9 19 14 20 53 9 14 53 13 25 53 2 12 15 15 4 53 15 8 53 15 8
41 8 53 15 8 53 15 8
34 5 25
28 5 1 21 20 9 6 21 12 53 2 5 1 21 20 9 6 21 12 53 2 5 1 21 20 9 6 21 12 53 2 5 1 21 20 9 6 21 12 53 1 14 7 5 12
38 15 22 5 53 25 15 21 18 53 9 13 16 5 18 6 5 3 20 9 15 14 19 53 5 22 5 18 25 53 1 14 7 12 5
46 15 13 15 18 18 15 23 53 3 15 13 5 19 53 1 14 4 53 7 15 5 19 53 2 5 6 15 18 5 53 25 15 21 53 11 14 15 23
45 15 53 35 53 10 21 19 20 53 8 1 4 53 20 15 53 12 5 20 53 25 15 21 53 11 14 15 23
46 8 5 53 23 1 25 53 20 8 1 20 53 33 21 3 3 9 53 12 15 15 11 53 15 14 53 25 15 21 53 1 13 1 26 9 14 7
28 21 20 53 14 15 20 8 9 14 7 53 3 1 14 53 3 15 13 16 1 18 5 53 20 15 53 23 8 5 14 53 25 15 21 18 5 53 14 1 11 5 4
40 15 23 53 1 53 2 1 3 11 23 15 15 4 53 1 14 4 53 19 15 13 5 53 34 5 14 14 25 53 7 15 20 53 25 15 21 53 6 1 4 5 4
45 1 25 9 14 7 53 25 15 21 53 20 8 5 53 15 14 5 53 6 15 18 53 13 5 53 35 53 14 5 5 4 53 20 15 53 6 1 3 5 53 9 20
45 20 1 18 20 5 4 53 23 8 5 14 53 23 5 53 23 5 18 5 53 25 15 21 14 7 5 18
45 23 5 1 18 53 20 15 53 33 15 4 53 20 8 1 20 53 35 53 12 15 22 5 4 53 8 5 18
45 15 18 18 25 53 20 8 1 20 53 25 15 21 18 53 13 15 13 53 6 15 21 14 4 53 15 21 20
33 21 5 19 19 53 20 8 1 20 53 23 5 53 10 21 19 20 53 18 5 1 12 12 25 53 8 1 4 53 20 8 5 53 20 8 21 14 4 5 18
27 9 14 20 53 14 15 2 15 4 25 53 5 12 19 5 53 20 8 1 20 53 35 4 53 2 5 53 21 14 4 5 18
28 5 1 21 20 9 6 21 12 53 2 5 1 21 20 9 6 21 12 53 12 9 6 5 53 18 9 7 8 20 53 14 15 23
28 5 1 21 20 9 6 21 12 53 2 5 1 21 20 9 6 21 12 53 14 9 7 8 20 53 18 9 7 8 20 53 14 15 23
40 15 53 14 15 53 14 15 15 15 15 15
46 8 5 53 23 1 25 53 20 8 1 20 53 4 18 5 19 19 53 6 1 12 12 53 15 6 6 53 25 15 21 53 9 19 53 1 13 1 26 9 14 7
38 15 22 5 53 1 53 13 9 18 1 3 12 5 53 1 53 2 5 1 21 20 9 6 21 12 53 3 18 5 1 20 9 15 14
28 1 2 25 53 3 15 13 5 53 1 53 12 9 20 20 12 5 53 3 12 15 19 5 18 53 12 5 20 53 13 5 53 20 1 19 20 5 53 9 20
51 15 21 53 3 1 13 5 53 1 53 12 9 20 20 12 5 53 3 12 15 19 5 18 53 14 15 23 53 25 15 21 18 5 53 19 8 1 11 9 14 7
40 5 22 5 18 53 5 22 5 18 53 7 15 14 53 13 9 19 12 5 1 4 53 25 15 21
30 15 14 20 53 2 5 12 9 5 22 5 53 20 8 5 53 12 9 5 19 53 20 8 5 25 53 6 5 5 4 53 25 15 21
45 20 15 16 53 1 14 4 53 19 20 1 18 5 53 12 9 11 5 53 1 53 19 3 21 12 16 20 21 18 5
42 1 9 14 20 5 4 53 9 14 53 25 15 21 18 53 3 15 12 15 18 19
28 5 1 21 20 9 6 21 12 53 2 5 1 21 20 9 6 21 12 53 2 25 53 13 25 53 19 9 4 5 53 18 9 7 8 20 53 14 15 23 53 25 5 1 8
34 5 25 53 14 15 53 14 15
28 5 1 21 20 9 6 21 12 53 2 5 1 21 20 9 6 21 12 53 2 5 1 21 20 9 6 21 12 53 2 5 1 21 20 9 6 21 12 53 1 14 7 5 12 53 1 14 7 5 12
38 15 22 5 53 25 15 21 18 53 9 13 16 5 18 6 5 3 20 9 15 14 19 53 5 22 5 18 25 53 1 14 7 12 5 53 14 15 53 14 15 53 25 5 1 8
46 8 5 53 23 1 25 53 20 8 1 20 53 33 21 3 3 9 53 12 15 15 11 53 15 14 53 25 15 21 53 1 13 1 26 9 14 7 53 8 5 25
28 21 20 53 14 15 20 8 9 14 7 53 3 1 14 53 3 15 13 16 1 18 5 53 20 15 53 23 8 5 14 53 25 15 21 18 5 53 14 1 11 5 4 53 15 8 53 15 8
46 15 13 15 18 18 15 23 53 3 15 13 5 19 53 1 14 4 53 7 15 53 2 5 6 15 18 5 53 25 15 21 53 11 14 15 23
35 53 10 21 19 20 53 8 1 4 53 20 15 53 12 5 20 53 25 15 21 53 11 14 15 23
45 23 5 1 18 53 20 15 53 33 15 4 53 25 15 21 18 5 53 2 5 1 21 20 9 6 21 12 53 25 5 1 8
35 53 4 15 14 20 53 23 1 14 20 53 1 53 6 18 9 5 14 4 53 10 21 19 20 53 13 5
35 53 23 1 14 20 53 13 25 53 12 9 6 5 53 9 14 53 20 23 15 53 13 25 53 12 9 6 5 53 9 14 53 20 23 15
36 21 19 20 53 15 14 5 53 13 15 18 5 53 14 9 7 8 20
49 1 9 20 9 14 7 53 20 15 53 7 5 20 53 20 8 5 18 5
49 1 9 20 9 14 7 53 6 15 18 53 25 15 21 53 1 12 12 53 14 9 7 8 20
35 13 53 4 15 14 5 53 6 9 7 8 20 9 14 7 53 1 12 12 53 14 9 7 8 20 53 23 1 9 20 9 14 7 53 6 15 18 53 25 15 21
49 8 5 14 53 35 13 53 1 18 15 21 14 4 53 19 12 15 23 53 4 1 14 3 9 14 7 53 9 14 53 20 8 5 53 4 1 18 11
30 15 14 20 53 6 15 12 12 15 23 53 13 5 53 25 15 21 12 12 53 5 14 4 53 21 16 53 9 14 53 13 25 53 1 18 13 19
51 15 21 53 8 1 22 5 53 13 1 4 5 53 21 16 53 25 15 21 18 53 13 9 14 4
35 53 4 15 14 20 53 14 5 5 4 53 14 15 53 13 15 18 5 53 19 9 7 14 19
29 1 14 53 25 15 21
33 9 22 5 53 13 5 53 18 5 1 19 15 14 19 53 23 5 53 19 8 15 21 12 4 53 2 5 53 3 15 13 16 12 5 20 5
51 15 21 53 19 8 15 21 12 4 53 2 5 53 23 9 20 8 53 8 9 13 53 35 53 3 1 14 20 53 3 15 13 16 5 20 5
51 15 21 53 12 15 15 11 5 4 53 1 20 53 13 5 53 12 9 11 5 53 35 53 23 1 19 53 19 15 13 5 15 14 5 53 5 12 19 5 53 15 8 53 23 5 12 12
29 1 14 20 53 25 15 21 53 19 5 5 53 29 1 14 20 53 25 15 21 53 19 5 5
35 53 4 15 14 20 53 23 1 14 14 1 53 19 12 15 23 53 4 1 14 3 5 53 35 53 4 15 14 20 53 23 1 14 20 53 20 15 53 19 12 15 23 53 4 1 14 3 5
35 14 53 20 8 5 53 4 1 18 11
30 1 18 11
49 8 5 14 53 25 15 21 53 7 15 20 20 1 53 18 21 14
36 21 19 20 53 8 5 1 18 53 13 25 53 22 15 9 3 5 53 9 14 53 25 15 21 53 13 25 53 22 15 9 3 5 53 9 14 53 25 15 21
45 8 21 20 20 9 14 7 53 13 5 53 15 21 20 53 15 6 53 25 15 21 53 19 8 21 20 20 9 14 7 53 13 5 53 15 21 20 53 15 6 53 25 15 21
30 15 9 14 7 53 19 15 53 7 18 5 1 20 53 19 15 53 7 18 5 1 20 53 19 15 53 7 18 5 1 20
51 15 21
47 19 5 4 53 20 15 53 2 5 53 20 8 5 53 15 14 5 53 21 19 5 4 53 20 15 53 2 5 53 20 8 5 53 15 14 5
46 15 53 8 15 12 4 53 25 15 21 53 23 8 5 14 53 25 15 21 53 6 1 12 12
51 5 1 8 53 25 5 1 8 53 25 5 1 8 53 23 8 5 14 53 25 15 21 53 6 1 12 12 53 23 8 5 14 53 25 15 21 53 6 1 12 12
35 53 4 15 14 20 53 6 21 3 11 53 23 9 20 8 53 25 15 21 18 53 20 15 14 5 53 35 53 4 15 14 20 53 6 21 3 11 53 23 9 20 8 53 25 15 21 18 53 20 15 14 5
35 53 4 15 14 20 53 23 1 14 14 1 53 7 15 53 8 15 13 5 53 35 53 4 15 14 20 53 23 1 14 14 1 53 7 15 53 8 15 13 5
29 1 14 53 9 20 53 2 5 53 15 14 5 53 14 9 7 8 20
29 1 14 20 53 25 15 21 53 19 5 5
45 23 5 1 18 53 35 53 3 15 21 12 4 14 20 53 19 12 5 5 16 53 1 53 23 9 14 11 53 12 1 19 20 53 14 9 7 8 20
40 15 53 16 15 9 14 20 53 9 14 53 20 21 18 14 9 14 53 15 6 6 53 20 8 5 53 12 9 7 8 20 19
40 15 20 53 20 8 5 53 19 1 13 5 53 23 9 20 8 15 21 20 53 25 15 21 18 53 8 5 1 4 53 15 14 53 13 25 53 19 8 15 21 12 4 5 18 19
33 18 15 23 9 14 53 16 1 9 14 19 53 2 21 20 53 35 53 4 15 14 20 53 23 1 14 14 1 53 7 5 20 53 15 12 4 5 18
27 12 13 15 19 20 53 12 9 11 5 53 23 5 53 12 5 6 20 53 9 20 53 1 12 12 53 15 14 53 18 5 1 4
29 15 21 16 12 5 53 6 5 5 12 9 14 7 19 53 14 5 22 5 18 53 12 1 9 4 53 20 15 53 18 5 19 20
30 9 4 14 20 53 11 14 15 23 53 20 8 1 20 53 20 8 5 53 16 1 18 20 25 53 23 1 19 53 15 22 5 18
27 14 4 53 9 20 19 53 20 18 21 5 53 20 8 1 20 53 35 53 14 5 5 4 53 25 15 21 53 8 5 18 5 53 3 12 15 19 5 18
28 21 18 14 9 14 7 53 16 8 15 20 15 19
34 1 4 53 20 15 53 12 5 1 18 14 53 20 15 53 12 5 20 53 7 15
35 53 21 19 5 4 53 20 15 53 2 5
45 15 13 5 2 15 4 25 53 9 14 53 1 14 15 20 8 5 18 53 19 11 9 14 53 1 14 15 20 8 5 18 53 19 11 9 14
35 53 8 5 1 18 4 53 20 8 1 20 53 25 15 21 18 5 53 8 1 16 16 25 53 23 9 20 8 15 21 20 53 13 5
27 14 4 53 35 53 8 15 16 5 53 9 20 19 53 20 18 21 5
35 53 8 15 16 5 53 35 53 8 15 16 5 53 9 20 19 53 20 18 21 5
35 20 53 11 9 12 12 19 53 13 5 53 1 53 12 9 20 20 12 5 53 20 8 1 20 19 53 15 11 1 25
29 1 21 19 5 53 35 4 53 4 9 5 53 6 15 18 53 25 15 21
51 15 21 53 11 14 15 23 53 35 4 53 19 20 9 12 12 53 4 9 5 53 6 15 18 53 25 15 21
35 53 8 15 16 5 53 25 15 21 18 5 53 7 5 20 20 9 14 7 53 5 22 5 18 25 20 8 9 14 7 53 25 15 21 53 14 5 5 4 5 4 53 14 5 5 4 5 4
32 15 21 14 4 53 20 8 5 53 16 21 26 26 12 5 53 16 9 5 3 5 53 1 14 4 53 6 5 5 12 53 3 15 13 16 12 5 20 5 4 53 3 15 13 16 12 5 20 5 4
36 21 19 20 53 23 1 14 20 5 4 53 25 15 21 53 20 15 53 11 14 15 23 53 5 22 5 18 25 53 18 5 1 19 15 14
34 15 16 5 53 25 15 21 53 18 5 1 12 12 25 53 11 14 15 23 53 20 8 1 20 53 35 53 13 5 1 14 53 20 8 1 20
35 53 3 15 21 12 4 14 20 53 19 5 5
46 8 5 53 6 15 18 5 19 20 53 6 18 15 13 53 20 8 5 53 20 18 5 5 19
41 14 12 25 53 20 9 13 5 53 23 5 53 19 16 5 1 11
35 19 53 9 14 53 13 25 53 4 18 5 1 13 19
33 5 15 18 7 9 1 53 23 18 1 16 53 13 5 53 21 16 53 9 14 53 1 12 12 53 25 15 21 18
35 53 23 1 14 20 53 25 15 21 53 9 14 53 13 25 53 1 18 13 19
41 8 53 12 5 20 53 13 5 53 8 15 12 4 53 25 15 21
35 12 12 53 14 5 22 5 18 53 12 5 20 53 25 15 21 53 7 15 53 1 7 1 9 14 53 12 9 11 5 53 35 53 4 9 4
41 8 53 35 53 21 19 5 4 53 20 15 53 19 1 25
35 53 23 15 21 12 4 53 14 5 22 5 18 53 6 1 12 12 53 9 14 53 12 15 22 5 53 1 7 1 9 14 53 21 14 20 9 12 53 35 53 6 15 21 14 4 53 8 5 18
35 53 19 1 9 4 53 35 53 23 15 21 12 4 53 14 5 22 5 18 53 6 1 12 12 53 21 14 12 5 19 19 53 9 20 19 53 25 15 21 53 35 53 6 1 12 12 53 9 14 20 15
35 53 23 1 19 53 12 15 19 20 53 23 9 20 8 9 14 53 20 8 5 53 4 1 18 11 14 5 19 19 53 2 21 20 53 20 8 5 14 53 35 53 6 15 21 14 4 53 8 5 18
35 53 6 15 21 14 4 53 25 15 21
33 5 15 18 7 9 1 53 16 21 12 12 5 4 53 13 5 53 9 14 53 35 53 1 19 11 5 4 53 20 15
38 15 22 5 53 8 5 18 53 15 14 3 5 53 1 7 1 9 14
51 15 21 53 6 5 12 12 53 35 53 3 1 21 7 8 20 53 25 15 21
27 19 53 35 53 23 1 12 11 53 20 8 18 15 21 7 8 53 20 8 5 53 19 20 18 5 5 20 19 53 15 6 53 13 25 53 14 5 23 53 3 9 20 25
39 25 53 2 1 3 11 53 6 5 5 12 9 14 7 53 13 21 3 8 53 2 5 20 20 5 18 53 35 53 19 21 16 16 15 19 5
35 22 5 53 18 5 3 12 1 9 13 5 4 53 20 8 5 53 21 19 5 53 15 6 53 13 25 53 9 13 1 7 9 14 1 20 9 15 14
32 15 18 53 2 5 20 20 5 18 53 15 18 53 6 15 18 53 23 15 18 19 5 53 35 22 5 53 25 5 20 53 20 15 53 11 14 15 23
28 21 20 53 35 53 1 12 23 1 25 19 53 11 14 5 23 53 25 15 21 4 53 2 5 53 20 8 5 53 15 14 5 53 20 15 53 21 14 4 5 18 19 20 1 14 4 53 13 5
35 53 7 21 5 19 19 53 20 8 1 20 19 53 23 8 25 53 9 20 53 20 15 15 11 53 19 15 53 12 15 14 7 53 20 15 53 7 5 20 53 20 8 9 14 7 19 53 18 9 7 8 20
45 21 4 4 5 14 12 25 53 35 13 53 12 15 19 20
41 14 53 13 25 53 19 20 18 5 5 20
41 14 53 13 25 53 2 12 15 3 11
41 8 53 23 8 25 53 41 8 53 23 8 25
41 8 53 23 8 25 53 8 1 22 5 14 20 53 25 15 21 53 2 5 5 14 53 20 8 5 18 5 53 6 15 18 53 13 5
29 1 14 20 53 25 15 21 53 19 5 5 53 35 13 53 12 15 19 9 14 7 53 13 25 53 13 9 14 4 53 20 8 9 19 53 20 9 13 5
46 8 9 19 53 20 9 13 5 53 35 53 20 8 9 14 11 53 9 20 19 53 6 15 18 53 18 5 1 12 53 35 53 3 1 14 53 19 5 5
27 12 12 53 20 8 5 53 20 18 5 5 53 20 15 16 19 53 20 21 18 14 9 14 7 53 18 5 4
46 8 5 53 2 5 7 7 1 18 19 53 14 5 1 18 53 2 15 4 5 7 1 19 53 7 18 9 14 53 1 20 53 13 5
35 53 20 8 9 14 11 53 20 8 5 25 53 23 1 14 20 53 19 15 13 5 20 8 9 14 7
35 53 3 12 15 19 5 53 13 25 53 5 25 5 19 53 35 53 20 5 12 12 53 13 25 19 5 12 6 53 20 15 53 2 18 5 1 20 8 5
27 14 4 53 2 5 53 3 1 12 13
28 5 53 3 1 12 13
35 53 11 14 15 23 53 25 15 21 53 6 5 5 12 53 12 9 11 5 53 25 15 21 53 1 18 5 53 2 18 5 1 11 9 14 7 53 4 15 23 14
41 8 53 35 53 11 14 15 23 53 20 8 1 20 53 9 20 53 7 5 20 19 53 19 15 53 8 1 18 4 53 19 15 13 5 20 9 13 5 19
35 13 53 19 3 1 18 5 4 53 20 8 1 20 53 5 22 5 18 25 15 14 5 53 9 19 53 15 21 20 53 20 15 53 7 5 20 53 13 5
46 8 5 19 5 53 4 1 25 19 53 2 5 6 15 18 5 53 25 15 21 53 19 16 5 1 11 53 20 15 53 13 5 53 25 15 21 53 16 1 21 19 5
35 53 1 12 23 1 25 19 53 19 5 5 53 25 15 21 53 12 15 15 11 9 14 7 53 15 21 20 53 25 15 21 18 53 23 9 14 4 15 23
27 6 20 5 18 53 1 12 12 53 25 15 21 53 12 15 19 20 53 25 15 21 18 53 2 1 14 4 53 25 15 21 53 12 5 6 20 53 25 15 21 18 53 13 15 13
40 15 23 53 5 22 5 18 25 53 19 9 14 7 12 5 53 3 18 1 3 11 53 5 22 5 18 25 53 16 5 14 14 25 53 20 8 1 20 53 35 53 16 1 19 19
45 1 25 19 53 35 53 19 8 15 21 12 4 53 5 9 20 8 5 18 53 12 5 1 22 5 53 15 18 53 16 9 3 11 53 9 20 53 21 16
28 21 20 53 23 9 20 8 53 5 22 5 18 25 53 19 9 14 7 12 5 53 2 21 3 11 53 35 22 5 53 13 1 4 5
35 13 53 19 1 4 4 12 5 4 53 23 9 20 8 53 2 1 4 53 12 21 3 11 53 20 8 1 20 53 3 1 13 5
46 8 5 53 13 15 13 5 14 20 53 35 53 23 1 19 53 2 1 16 20 9 26 5 4
41 18 53 23 8 5 14 53 35 53 6 15 21 14 4 53 15 21 20 53 15 14 5 53 4 1 25 53 35 13 53 7 15 14 14 1 53 4 9 5
35 6 53 15 14 12 25 53 35 53 3 15 21 12 4 53 6 9 14 4 53 13 25 53 16 5 15 16 12 5 53 15 18 53 13 25 53 16 12 1 3 5 53 9 14 53 12 9 6 5
27 53 23 8 5 14 53 20 8 5 25 53 3 15 13 5 53 1 3 1 18 15 12 9 14
45 15 53 12 15 21 4 53 19 15 53 2 18 9 7 8 20 53 20 8 5 53 20 8 5 18 5 13 9 14
49 9 12 12 53 12 5 1 4 53 21 19 53 20 15 53 1 53 3 8 15 18 21 19
49 8 5 18 5 53 23 5 12 12 53 1 12 12 53 18 5 10 15 9 3 5 53 1 14 4 53 19 9 14 7 53 1 53 19 15 14 7 53 20 8 1 20 53 7 15 5 19
41 8 53 2 5 53 3 1 12 13
35 53 11 14 15 23 53 20 8 1 20 53 9 20 53 7 5 20 19 53 19 15 53 8 1 18 4 53 19 15 13 5 20 9 13 5 19
46 1 11 5 53 9 20 53 6 18 15 13 53 13 5 53 35 22 5 53 2 5 5 14 53 20 8 5 18 5 53 1 53 20 8 15 21 19 1 14 4 53 20 9 13 5 19
51 15 21 53 8 1 20 5 53 25 15 21 18 53 16 21 12 19 5 53 2 5 3 1 21 19 5 53 9 20 53 20 8 9 14 11 19 53 25 15 21 18 5 53 19 20 9 12 12 53 1 12 9 22 5
27 14 4 53 5 22 5 18 25 20 8 9 14 7 19 53 23 18 15 14 7
35 20 53 10 21 19 20 53 7 5 20 19 53 19 15 53 8 1 18 4 53 19 15 13 5 20 9 13 5 19
35 53 4 15 14 20 53 18 5 13 5 13 2 5 18 53 13 21 3 8 53 20 8 1 20 53 14 9 7 8 20
36 21 19 20 53 23 1 12 11 9 14 7 53 20 8 9 14 11 9 14 7 53 6 15 14 4 12 25 53 15 6 53 25 15 21
46 8 9 14 11 9 14 7 53 8 15 23 53 20 8 5 53 23 15 18 19 20 53 9 19 53 25 5 20 53 20 15 53 3 15 13 5
49 8 5 14 53 6 18 15 13 53 20 8 1 20 53 19 20 18 5 5 20 53 3 15 18 14 5 18 53 3 1 13 5 53 1 53 19 15 14 7
27 14 4 53 35 53 3 1 14 20 53 18 5 13 5 13 2 5 18 53 20 8 5 53 13 1 14
46 8 5 53 16 1 14 8 1 14 4 12 5 18 53 15 18 53 8 9 19 53 13 5 12 15 4 25
46 8 5 53 23 15 18 4 19 53 5 24 3 8 1 14 7 5 4 53 8 1 4 53 6 1 18 53 5 24 3 5 5 4 5 4 53 1 14 25 53 3 8 1 14 7 5 53 35 4 53 7 9 22 5 14 53 20 8 5 5
51 15 21 53 8 1 20 5 53 25 15 21 18 53 16 21 12 19 5 53 2 5 3 1 21 19 5 53 9 20 53 19 20 9 12 12 53 20 8 9 14 11 19 53 25 15 21 18 5 53 1 12 9 22 5
35 22 5 53 2 5 5 14 53 23 1 9 20 9 14 7 53 6 15 18 53 13 15 14 20 8 19
49 1 9 20 9 14 7 53 6 15 18 53 25 5 1 18 19
49 1 9 20 9 14 7 53 6 15 18 53 25 15 21 53 20 15 53 3 8 1 14 7 5
27 23 53 2 21 20 53 20 8 5 18 5 53 1 9 14 20 53 13 21 3 8 53 20 8 1 20 19 53 4 21 13 2 5 18
46 8 5 18 5 53 1 9 14 20 53 13 21 3 8 53 20 8 1 20 19 53 4 21 13 2 5 18
46 8 1 14 53 16 9 14 14 9 14 7 53 25 15 21 18 53 8 15 16 5 19 53 15 14 53 1 53 3 8 1 14 7 5 53 9 14 53 1 14 15 20 8 5 18
27 14 4 53 35 53 25 5 1 8 53 35 53 19 20 9 12 12 53 14 5 5 4 53 25 15 21 53 2 21 20 53 23 8 1 20 53 7 15 15 4 19 53 20 8 1 20 53 7 15 14 14 1 53 4 15
40 5 5 4 9 14 7 53 9 19 53 15 14 5 53 20 8 9 14 7 53 1 14 4 53 7 5 20 20 9 14 7 53 7 5 20 20 9 14 7 53 9 19 53 1 14 15 20 8 5 18
45 15 53 35 53 2 5 5 14 53 19 9 20 20 9 14 7 53 1 18 15 21 14 4
49 1 19 20 9 14 7 53 13 25 53 20 9 13 5
49 15 14 4 5 18 9 14 7 53 23 8 1 20 53 25 15 21 53 2 5 5 14 53 4 15 9 14 7
27 23 53 1 14 4 53 9 20 53 1 9 14 20 53 18 5 1 12 53 6 15 18 7 9 22 9 14 7
35 20 53 1 9 14 20 53 18 5 1 12 53 6 15 18 7 9 22 9 14 7
45 9 20 20 9 14 7 53 8 5 18 5 53 16 9 3 20 21 18 9 14 7 53 19 15 13 5 15 14 5 53 5 12 19 5 53 12 9 22 9 14 7
35 22 5 53 2 5 5 14 53 8 15 16 9 14 7 53 6 15 18 53 13 15 14 20 8 19
34 15 16 9 14 7 53 6 15 18 53 25 5 1 18 19
34 15 16 9 14 7 53 35 53 13 9 7 8 20 53 6 15 18 7 5 20
27 23 53 2 21 20 53 9 20 53 4 15 14 20 53 7 5 20 53 13 21 3 8 53 4 21 13 2 5 18
35 20 53 4 15 14 20 53 7 5 20 53 13 21 3 8 53 4 21 13 2 5 18
46 8 1 14 53 20 18 25 9 14 7 53 20 15 53 6 15 18 7 5 20 53 1 53 7 9 18 12 53 23 8 5 14 53 25 15 21 53 12 15 22 5 53 8 5 18
41 8 53 14 5 5 4 9 14 7 53 9 19 53 15 14 5 53 20 8 9 14 7 53 1 14 4 53 7 5 20 20 9 14 7 53 7 5 20 20 9 14 7 53 9 19 53 1 14 15 20 8 5 18
51 15 21 18 5 53 18 9 7 8 20
46 8 5 18 5 19 53 14 15 20 8 9 14 7 53 13 15 18 5 53 12 15 22 5 12 25
46 8 5 18 5 19 53 14 15 20 8 9 14 7 53 13 15 18 5 53 16 18 15 6 15 21 14 4
46 8 1 14 53 20 8 5 53 3 5 18 20 1 9 14 20 25
46 8 1 14 53 20 8 5 53 3 5 18 20 1 9 14 20 25 53 20 8 1 20 53 1 12 12 53 15 6 53 20 8 9 19 53 23 9 12 12 53 5 14 4
46 8 1 20 53 1 12 12 53 15 6 53 20 8 9 19 53 23 9 12 12 53 5 14 4
45 15 53 15 16 5 14 53 25 15 21 18 53 1 18 13 19 53 20 15 53 13 5
41 16 5 14 53 25 15 21 18 53 1 18 13 19 53 20 15 53 13 5
46 8 9 19 53 23 9 12 12 53 2 5 53 20 8 5 53 15 14 5 53 13 15 13 5 14 20 53 20 8 1 20 53 13 1 20 20 5 18 19 53 1 14 4
46 8 9 19 53 23 9 12 12 53 2 5 53 20 8 5 53 15 14 5 53 20 8 9 14 7 53 23 5 53 18 5 13 5 13 2 5 18 53 1 14 4
46 8 9 19 53 23 9 12 12 53 2 5 53 20 8 5 53 18 5 1 19 15 14 53 20 15 53 18 5 2 5 12 53 25 5 1 8 53 1 14 4
46 8 9 19 53 23 9 12 12 53 2 5 53 20 8 5 53 15 14 5 53 13 15 13 5 14 20 53 20 8 1 20 53 13 1 20 20 5 18 19 53 1 20 53 1 12 12
45 15 53 23 8 9 12 5 53 20 8 5 53 13 9 12 5 53 18 5 3 12 1 9 13 19 53 15 21 18 53 6 15 15 20 16 18 9 14 20 19
27 14 4 53 23 8 9 12 5 53 15 21 18 53 2 15 14 5 19 53 11 5 5 16 53 12 15 15 11 9 14 7 53 2 1 3 11
46 8 5 53 15 22 5 18 7 18 15 23 20 8 53 9 19 53 19 23 1 12 12 15 23 9 14 7 53 20 8 5 53 16 1 20 8
46 8 5 18 5 6 15 18 5 53 20 8 5 53 7 18 1 3 5 53 15 6 53 33 15 4 53 7 15 53 23 5
46 8 5 18 5 6 15 18 5 53 20 8 5 53 7 18 1 3 5 53 15 6 53 20 9 13 5 53 1 14 4 53 3 8 1 14 3 5
27 14 4 53 5 14 20 18 15 16 25 19 53 3 18 21 5 12 53 8 1 14 4 19
45 15 53 23 15 14 20 53 25 15 21 53 19 20 1 25 53 8 5 18 5 53 23 9 20 8 53 13 5
27 14 4 53 23 5 12 12 53 2 21 9 12 4 53 20 9 12 53 23 5 53 2 12 9 19 20 5 18 53 15 21 18 53 8 1 14 4 19
27 14 4 53 23 5 12 12 53 2 21 9 12 4 53 21 19 53 19 15 13 5 53 20 5 13 16 12 5 19 53 2 21 9 12 4 53 21 19 53 19 15 13 5 53 3 1 19 20 12 5 19
28 21 9 12 4 53 21 19 53 19 15 13 5 53 13 15 14 21 13 5 14 20 19 53 1 14 4 53 2 21 18 14 53 20 8 5 13 53 1 12 12 53 18 9 7 8 20 53 4 15 23 14
41 8 53 19 21 7 1 18 53 15 8 53 19 21 7 1 18 53 3 1 14 20 53 25 15 21 53 19 5 5
34 15 23 53 8 1 18 4 53 35 13 53 20 18 25 9 14 7
51 15 21 53 11 14 15 23 53 25 15 21 53 7 15 20 20 1 53 25 15 21 53 11 14 15 23 53 25 15 21 53 7 15 20 20 1 53 5 22 5 14 20 21 1 12 12 25
39 1 11 5 53 21 16 53 25 15 21 18 53 13 9 14 4
29 1 21 19 5 53 14 15 53 15 14 5 19 53 7 15 14 14 1 53 6 9 14 4 53 25 15 21
49 8 5 14 53 25 15 21 18 5 53 8 9 4 9 14 7 53 9 14 53 20 8 5 53 4 1 18 11
40 15 53 15 14 5 19 53 7 15 14 14 1 53 6 9 14 4 53 25 15 21
45 15 53 23 15 14 20 53 25 15 21 53 19 15 53 23 15 14 20 53 25 15 21 53 20 1 12 11 53 20 15 53 13 5
35 20 19 53 20 9 13 5 53 20 15 53 4 5 3 9 4 5
29 1 21 19 5 53 14 15 53 15 14 5 19 53 7 15 14 14 1 53 19 1 22 5 53 25 15 21
35 6 53 25 15 21 53 4 15 14 20 53 19 23 9 13 53 6 15 18 53 20 8 5 53 2 15 1 20
40 15 53 15 14 5 19 53 7 15 14 14 1 53 19 1 22 5 53 25 15 21
35 6 53 25 15 21 53 23 15 14 20 53 20 1 11 5 53 20 8 5 53 18 15 16 5
27 14 4 53 9 20 19 53 5 14 4 53 12 15 22 5 53 20 8 5 53 19 11 25 53 9 19 53 6 1 12 12 9 14 7
31 14 4 53 12 15 22 5 53 20 8 5 53 19 11 25 53 9 19 53 6 1 12 12 9 14 7
46 8 5 53 19 11 25 53 9 19 53 6 1 12 12 9 14 7
45 15 53 19 21 7 1 18 53 19 15 53 19 21 7 1 18 53 4 1 14 3 5 53 23 9 20 8 53 13 5
46 8 9 19 53 15 14 5 53 12 1 19 20 53 20 9 13 5
49 5 53 7 15 20 53 14 15 53 18 5 1 19 15 14 53 23 5 53 7 15 20 53 14 15 53 18 5 1 19 15 14 53 35 53 3 1 14 53 19 5 5
46 15 53 8 15 12 4 53 2 1 3 11 53 20 15 14 9 7 8 20
29 1 21 19 5 53 14 15 53 15 14 5 19 53 7 15 14 14 1 53 3 1 20 3 8 53 25 15 21
35 6 53 25 15 21 53 3 1 14 20 53 10 21 19 20 53 12 5 20 53 7 15
40 15 53 15 14 5 19 53 7 15 14 14 1 53 12 15 22 5 53 25 15 21
35 6 53 25 15 21 53 3 1 14 20 53 12 5 20 53 12 15 22 5 53 19 8 15 23
39 1 11 5 53 21 16 53 25 15 21 18 53 13 9 14 4 53 51 15 21 53 7 15 20 20 1 53 13 1 11 5 53 21 16 53 25 15 21 18 53 13 9 14 4
31 14 4 53 12 15 22 5 53 20 8 5 53 19 11 25 53 9 19 53 20 8 5 53 19 11 25 53 9 19 53 6 1 12 12 9 14 7
35 20 53 23 1 19 53 12 1 20 5 53 1 20 53 14 9 7 8 20
51 15 21 53 8 5 12 4 53 15 14 53 20 9 7 8 20
32 18 15 13 53 1 14 53 5 13 16 20 25 53 19 5 1 20
27 53 6 12 1 19 8 53 15 6 53 12 9 7 8 20
35 20 53 23 9 12 12 53 20 1 11 5 53 1 53 23 8 9 12 5
46 15 53 13 1 11 5 53 25 15 21 53 19 13 9 12 5
45 15 13 5 23 8 5 18 5 53 9 14 53 20 8 5 19 5 53 5 25 5 19
35 13 53 15 14 53 25 15 21 18 53 19 9 4 5
51 15 21 53 23 9 4 5 5 25 5 4 53 7 9 18 12 19
51 15 21 53 7 5 20 53 9 20 53 18 9 7 8 20
32 1 12 12 53 2 1 3 11 53 9 14 20 15 53 16 12 1 3 5
46 5 14 4 5 18 53 9 19 53 20 8 5 53 14 9 7 8 20
32 15 18 53 1 53 2 18 15 11 5 14 53 8 5 1 18 20
49 8 15 53 23 9 12 12 53 4 18 25 53 25 15 21 18 53 5 25 5 19
49 8 5 14 53 9 20 53 6 1 12 12 19 53 1 16 1 18 20
49 8 1 20 53 13 1 11 5 19 53 20 8 9 19 53 6 18 1 7 9 12 5 53 23 15 18 12 4 53 7 15 53 18 15 21 14 4
49 5 18 5 53 25 15 21 53 5 22 5 18 53 12 15 19 20
49 1 19 53 19 8 5 53 5 22 5 18 53 6 15 21 14 4
38 9 6 5 53 2 5 7 9 14 19 53 20 15 53 8 1 16 16 5 14
49 8 5 14 53 35 53 16 12 1 14 53 19 15 13 5 20 8 9 14 53 5 12 19 5
46 18 25 14 1 53 2 5 53 19 15 13 5 2 15 4 25
28 21 20 53 1 12 12 53 35 53 7 15 20 53 23 1 19 53 19 15 13 5 15 14 5 53 5 12 19 5
39 25 53 16 12 1 14 19 53 1 12 23 1 25 19 53 3 8 1 14 7 9 14
27 12 23 1 25 19 53 18 5 1 18 18 1 14 7 9 14 53 14 15
45 12 15 23 53 9 20 53 4 15 23 14 53 18 5 12 5 1 19 5 53 3 15 14 20 18 15 12
45 12 15 23 53 1 14 4 53 19 20 5 1 4 25 53 12 5 20 53 13 5 53 11 14 15 23
46 8 5 53 8 1 18 4 5 19 20 53 16 12 1 3 5 53 20 15 53 2 5
35 19 53 18 9 7 8 20 53 23 8 5 18 5 53 25 15 21 53 1 18 5
35 14 53 20 8 5 53 19 16 1 3 5 53 2 5 20 23 5 5 14
46 8 5 53 6 9 14 9 19 8 53 1 14 4 53 20 8 5 53 19 20 1 18 20
35 20 19 53 20 8 5 53 1 18 18 15 23 53 9 14 53 25 15 21 18 53 8 5 1 18 20
46 8 5 53 1 18 18 15 23 53 9 14 53 25 15 21 18 53 8 5 1 18 20
40 15 23 53 35 13 53 18 5 19 20 12 5 19 19
44 21 14 14 9 14 53 6 18 15 13 53 20 8 5 53 16 18 5 19 5 14 20
35 53 35 53 11 14 15 23 53 13 25 53 13 9 14 4 19 53 2 5 5 14 53 3 8 5 1 20 5 4
46 8 9 14 11 9 14 53 20 8 1 20 53 35 53 23 9 12 12 53 1 18 18 9 22 5
28 21 20 53 13 25 53 16 12 1 14 19 53 1 12 23 1 25 19 53 3 8 1 14 7 9 14
27 18 18 15 23 53 9 14 53 25 15 21 18 53 8 5 1 18 20
44 21 14 53 6 1 19 20 53 1 14 4 53 35 12 12 53 5 14 4 53 21 16 53 5 24 8 1 21 19 20 5 4
41 21 20 53 15 6 53 2 18 5 1 20 8 53 20 8 9 14 11 9 14 53 23 8 5 18 5 53 35 53 23 5 14 20 53 23 18 15 14 7
46 8 9 19 53 8 5 1 18 20 53 9 19 53 1 6 18 1 9 4 53 20 15 53 2 5 1 20 53 19 12 15 23 12 25
39 9 19 19 53 1 53 3 8 1 14 3 5 53 1 20 53 23 8 1 20 53 35 53 3 15 21 12 4 53 2 5 3 15 13 5
35 53 11 14 15 23 53 20 8 1 20 53 35 53 3 1 14 20 53 18 21 14 53 6 15 18 5 22 5 18
28 21 20 53 35 53 3 1 14 20 53 19 20 1 14 4 53 19 20 9 12 12 53 6 15 18 53 20 15 15 53 12 15 14 7
46 8 5 53 8 1 18 4 5 19 20 53 16 12 1 3 5 53 20 15 53 2 5 53 15 8
49 8 5 14 53 35 13 53 6 21 18 20 8 5 19 20 53 6 18 15 13 53 13 25 19 5 12 6
32 5 5 12 9 14 7 53 3 12 15 19 5 18 53 20 15 53 20 8 5 53 19 20 1 18 19
41 21 20 5 18 53 19 16 1 3 5
35 22 5 53 2 5 5 14 53 9 14 22 1 4 5 4 53 2 25 53 20 8 5 53 4 1 18 11
29 1 14 20 53 5 19 3 1 16 5
46 18 25 9 14 7 53 20 15 53 18 5 3 15 7 14 9 26 5 53 13 25 19 5 12 6 53 23 8 5 14 53 35 53 6 5 5 12 53 35 22 5 53 2 5 5 14 53 18 5 16 12 1 3 5 4
28 21 20 53 35 53 3 1 14 53 6 5 5 12 53 1 53 11 9 3 11 53 4 15 23 14 53 9 14 53 13 25 53 19 15 21 12
41 8 8 15 8 15 8 23 15 1 8 15 8
27 14 4 53 9 20 19 53 16 21 12 12 9 14 7 53 13 5 53 2 1 3 11 53 20 15 53 31 1 18 20 8 53 20 15 53 12 5 20 53 13 5 53 11 14 15 23
35 53 1 13 53 14 15 20 53 1 53 19 12 1 22 5 53 3 1 14 20 53 2 5 53 3 15 14 20 1 9 14 5 4
45 15 53 16 9 3 11 53 13 5 53 6 18 15 13 53 20 8 5 53 4 1 18 11 53 1 14 4 53 16 21 12 12 53 13 5 53 6 18 15 13 53 20 8 5 53 7 18 1 22 5 53 3 1 21 19 5
35 53 19 20 9 12 12 53 6 5 5 12 53 1 12 9 22 5
49 8 5 14 53 9 20 53 9 19 53 8 15 16 5 12 5 19 19 53 35 53 19 20 1 18 20 53 20 15 53 14 15 20 9 3 5
46 8 1 20 53 35 53 19 20 9 12 12 53 6 5 5 12 53 1 12 9 22 5
32 1 12 12 9 14 7 53 6 15 18 23 1 18 4 53 2 1 3 11 53 9 14 20 15 53 15 18 2 9 20
51 5 1 1 8
45 15 53 23 8 5 14 53 35 53 12 15 19 5 53 13 25 53 7 18 1 22 9 20 25 53 9 14 53 20 8 9 19 53 19 12 5 5 16 25 53 23 15 13 2
30 18 9 6 20 9 14 7 53 1 19 53 35 53 4 18 5 1 13 53 2 21 20 53 35 12 12 53 23 1 11 5 53 21 16 53 19 15 15 14
46 15 53 18 5 1 12 9 26 5 53 20 8 5 53 8 1 14 4 53 15 6 53 12 9 6 5 53 9 19 53 18 5 1 3 8 9 14 7 53 15 21 20
46 15 53 18 9 4 53 13 5 53 15 6 53 13 25 53 16 18 9 4 5 53 35 53 3 1 12 12 53 1 12 12 5 7 9 1 14 3 5 53 20 15 53 13 25 19 5 12 6
41 8 15 8 53 1 14 4 53 35 53 19 20 9 12 12 53 6 5 5 12 53 1 12 9 22 5
32 1 12 12 9 14 7 53 6 15 18 23 1 18 4 53 2 1 3 11 53 9 14 20 15 53 15 18 2 9 20 53 25 5 1 1 8
35 53 3 1 14 53 6 5 5 12 53 1 53 11 9 3 11 53 4 15 23 14 53 9 14 53 13 25 53 19 15 21 12
27 14 4 53 20 8 9 19 53 8 5 1 18 20 53 20 8 1 20 53 2 5 1 20 19 53 9 14 19 9 4 5 53 15 6 53 13 5 53 23 9 12 12 53 19 8 15 23
35 20 53 23 9 12 12 53 19 8 15 23
32 12 15 1 20 9 14 7 53 9 14 53 15 21 20 5 18 53 19 16 1 3 5 53 8 1 22 5 53 35 53 13 9 19 16 12 1 3 5 4 53 1 53 16 1 18 20 53 15 6 53 13 25 53 19 15 21 12
38 15 19 20 53 9 14 53 20 8 5 53 9 14 2 5 20 23 5 5 14 53 15 18 53 19 15 53 9 20 53 19 5 5 13 19 53 35 13 53 15 21 20 53 15 6 53 3 15 14 20 18 15 12
38 15 19 20 53 9 14 53 20 8 5 53 9 14 2 5 20 23 5 5 14 53 2 21 20 53 9 20 53 3 1 14 20 53 11 5 5 16 53 13 5 53 1 19 12 5 5 16 53 6 15 18 53 12 15 14 7 53 3 1 21 19 5
35 53 3 1 14 53 6 5 5 12 53 9 20
49 8 5 14 53 9 20 53 9 19 53 8 15 16 5 12 5 19 19
35 20 53 1 9 14 20 53 8 15 16 5 12 5 19 19
35 53 19 20 1 18 20 53 20 15 53 14 15 20 9 3 5
32 1 12 12 9 14 7 53 6 15 18 23 1 18 4
28 1 3 11 53 9 14 20 15 53 15 18 2 9 20
45 20 1 18 20 53 20 15 53 14 15 20 9 3 5
35 20 53 1 9 14 20 53 8 15 16 5 12 5 19 19 53 3 1 21 19 5 53 35 53 19 20 1 18 20 53 20 15 53 14 15 20 9 3 5
35 20 53 23 1 19 53 19 15 13 5 20 8 9 14 7 53 35 53 2 5 12 9 5 22 5 4 53 9 14
27 9 14 20 53 14 15 53 18 5 19 20 53 21 14 20 9 12 53 20 8 5 53 2 1 14 11 53 1 3 3 15 21 14 20 19 53 16 5 1 11 9 14
46 8 5 25 53 19 1 25 53 20 8 5 53 3 9 20 25 53 14 5 22 5 18 53 19 12 5 5 16 19 53 9 14
28 21 20 53 12 9 22 9 14 7 53 2 21 19 25 53 9 19 14 20 53 7 9 22 9 14 7 53 25 15 21 53 25 15 21 18 53 23 15 18 20 8
45 12 15 23 9 14 7 53 4 15 23 14 53 9 19 53 6 9 7 8 20 9 14 7 53 2 1 3 11
46 8 5 53 20 9 13 5 53 25 15 21 53 20 1 11 5 53 9 19 53 7 9 22 5 14 53 2 1 3 11
45 8 9 6 20 9 14 7 53 7 5 1 18 19 53 9 19 53 19 1 22 9 14 7 53 7 1 19
34 9 4 9 14 7 53 9 14 53 20 8 5 53 17 21 9 5 20 53 9 19 53 23 5 12 12 53 15 6 53 23 9 19 4 15 13
45 12 15 23 9 14 7 53 4 15 23 14 53 1 14 4 53 19 5 5 53 9 20
44 5 19 20 53 9 19 53 1 53 19 5 3 18 5 20
35 53 19 20 1 18 20 53 20 15 53 2 5 12 9 5 22 5 53 9 14
46 8 9 19 53 3 9 20 25 19 53 2 21 9 12 20 53 15 14 53 2 12 15 15 4 53 1 14 4 53 13 21 19 3 12 5
45 11 25 19 3 18 1 16 5 18 19 53 8 5 12 4 53 21 16 53 2 25 53 16 8 9 12 15 19 15 16 8 25 53 15 6 53 8 21 19 20 12 9 14 7
28 21 20 53 45 1 20 21 18 4 1 25 53 9 19 53 13 25 53 3 1 20 8 5 4 18 1 12
27 53 4 1 25 53 20 15 53 19 20 15 16 53 1 14 4 53 18 5 19 20 53 9 19 53 8 15 12 4 9 14 7 53 21 16 53 20 8 5 53 19 20 5 5 16 12 5
46 8 9 19 53 13 9 7 8 20 53 2 5 53 14 5 23 19 53 20 15 53 1 12 12 53 20 8 5 53 16 5 15 16 12 5
38 9 22 9 14 7 53 2 21 19 25 53 9 19 14 20 53 7 9 22 9 14 7 53 25 15 21 53 25 15 21 18 53 23 15 18 20 8
34 9 4 9 14 7 53 9 14 53 20 8 5 53 17 21 9 5 20 53 9 19 53 1 53 23 15 18 12 4 53 15 6 53 23 9 19 4 15 13
45 20 15 16 16 9 14 7 53 20 8 5 53 13 15 20 9 15 14 53 20 15 53 16 18 15 3 5 19 19 53 20 8 5 53 13 15 13 5 14 20
49 8 25 53 4 15 14 20 53 23 5 53 19 20 15 16 53 10 21 19 20 53 20 15 53 16 18 15 3 5 19 19
29 1 14 53 35 53 20 1 11 5 53 1 53 13 9 14 21 20 5 53 13 1 25 2 5 53 1 53 2 18 5 1 20 8 53 20 15 53 2 18 5 1 20 8 5
29 1 14 53 35 53 20 1 11 5 53 1 53 19 5 3 15 14 4 53 35 13 53 3 18 1 22 9 14 7 53 3 12 1 18 9 20 25
45 15 53 12 15 19 20 53 9 14 53 20 8 5 53 20 8 15 21 7 8 20 53 15 6 53 23 8 1 20 53 15 14 5 53 4 1 25 53 35 53 3 15 21 12 4 53 2 5 53 20 8 1 20
46 8 1 20 53 35 53 6 15 18 7 15 20 53 20 15 53 20 1 11 5 53 19 15 13 5 53 20 9 13 5 53 20 15 53 13 1 11 5 53 1 53 18 9 3 8 5 18 53 13 5
35 53 19 5 1 18 3 8 5 4 53 1 18 15 21 14 4 53 20 15 53 6 9 14 4 53 13 25 19 5 12 6 53 1 53 13 5 14 20 1 12 53 3 21 18 5
35 53 20 15 15 11 53 1 53 2 18 5 1 11 53 20 8 1 20 19 53 16 18 15 2 1 2 12 25 53 23 8 1 20 53 35 53 23 1 19 53 12 15 15 11 9 14 7 53 6 15 18
49 8 1 20 53 15 14 3 5 53 23 1 19 53 12 15 19 20 53 8 1 19 53 6 9 14 1 12 12 25 53 7 15 20 53 13 5 53 18 5 1 19 19 21 18 5 4
38 5 1 22 9 14 7 53 18 15 15 13 53 6 15 18 53 7 18 5 1 20 5 18 53 16 1 20 8 19
38 5 20 20 9 14 7 53 7 15 53 1 14 4 53 11 9 3 11 9 14 7 53 2 1 3 11
44 5 1 4 9 14 7 53 2 15 15 11 19 53 1 14 4 53 20 1 11 9 14 7 53 2 1 20 8 19
45 12 15 23 9 14 7 53 4 15 23 14 53 9 19
45 20 15 16 16 9 14 7 53 20 8 5 53 13 15 20 9 15 14 53 19 20 15 16 16 9 14 7 53 20 8 5 53 13 15 20 9 15 14
33 12 1 13 15 18 15 21 19
35 14 4 9 5 53 18 15 3 11 14 18 15 12 12 53 9 19 53 23 8 1 20 53 35 53 23 1 14 20
35 20 19 53 9 14 53 13 25 53 19 15 21 12 53 9 20 19 53 23 8 1 20 53 35 53 14 5 5 4
35 14 4 9 5 53 18 15 3 11 14 18 15 12 12 53 9 20 19 53 20 9 13 5
46 23 15 53 15 6 53 21 19
32 12 9 16 16 9 14 7 53 20 8 18 15 21 7 8 53 1 53 20 8 18 9 6 20 53 19 20 15 18 5 53 13 1 7 1 26 9 14 5
45 8 5 53 16 12 1 25 19 53 20 8 5 53 4 18 21 13 19 53 35 13 53 15 14 53 20 1 13 2 15 21 18 9 14 5
28 5 20 53 25 15 21 18 53 2 15 20 20 15 13 53 4 15 12 12 1 18 53 15 14 53 13 5
35 20 19 53 9 14 4 9 5 53 18 15 3 11 14 18 15 12 12 53 6 15 18 53 13 5
35 20 19 53 1 12 12 53 35 53 14 5 5 4
35 14 53 1 53 3 12 21 20 3 8
35 13 53 20 1 12 11 9 14 7 53 5 22 5 18 25 53 23 15 18 4 53 6 15 18 53 1 12 12 53 20 8 5 53 2 15 25 19
31 12 5 3 20 18 9 3 53 7 9 18 12 19 53 23 9 20 8 53 23 15 18 14 53 4 15 23 14 53 20 15 25 19
39 1 11 5 53 9 20 53 21 16 53 2 18 5 1 11 53 9 20 53 21 16 53 23 8 1 20 53 4 15 53 25 15 21 53 3 1 18 5
41 8 53 23 8 1 20 53 4 15 53 25 15 21 53 3 1 18 5
35 53 20 1 11 5 53 13 25 53 20 23 9 19 20 53 23 9 20 8 53 1 53 19 8 15 21 20
27 53 3 15 6 6 5 5 53 19 8 15 16 53 23 9 20 8 53 1 53 3 1 21 19 5 53 20 8 5 14 53 35 12 12 53 6 18 5 1 11 53 25 15 21 53 15 21 20
40 15 53 19 5 24 53 14 15 53 4 18 21 7 19 53 14 15 53 18 15 3 11 53 14 15 53 18 15 12 12
49 8 5 14 53 9 20 53 3 15 13 5 19 53 20 15 4 1 25
45 20 1 25 53 9 6 53 25 15 21 53 23 1 14 14 1 53 12 15 22 5 53 13 5 53 19 20 1 25
41 8 53 4 15 14 20 53 2 5 53 19 8 25 53 12 5 20 19 53 3 1 21 19 5 53 1 53 19 3 5 14 5
38 9 11 5 53 12 15 22 5 18 19 53 4 15 53 15 14 53 19 9 12 22 5 18 53 19 3 18 5 5 14 19
38 5 20 19 53 13 1 11 5 53 9 20 53 25 5 1 8 53 23 5 12 12 53 3 1 21 19 5 53 1 53 19 3 5 14 5
46 23 15 53 15 6 53 21 19 53 6 12 9 16 16 9 14 7 53 20 8 18 15 21 7 8 53 1 53 20 8 18 9 6 20 53 19 20 15 18 5 53 13 1 7 1 26 9 14 5
35 14 4 9 5 53 18 15 3 11 14 18 15 12 12 53 6 15 18 53 13 5
39 1 11 9 14 53 21 16 53 2 18 5 1 11 9 14 53 21 16 53 23 8 1 20 53 4 15 53 25 15 21 53 3 1 18 5
35 20 19 53 9 14 4 9 5 53 18 15 3 11 14 18 15 12 12 53 6 15 18 53 13 5 53 15 23
35 53 2 5 12 9 5 22 5 53 9 14 53 25 15 21 53 1 14 4 53 13 5
35 13 53 3 15 13 9 14 7 53 20 15 53 6 9 14 4 53 25 15 21 53 9 6 53 9 20 53 20 1 11 5 19 53 13 5 53 1 12 12 53 14 9 7 8 20
49 18 15 14 7 53 21 14 20 9 12 53 25 15 21 53 13 1 11 5 53 9 20 53 18 9 7 8 20
27 14 4 53 35 53 23 15 14 20 53 6 15 18 7 5 20 53 25 15 21 53 1 20 53 12 5 1 19 20 53 35 12 12 53 20 18 25
27 14 4 53 18 21 14 53 1 14 4 53 18 21 14
46 15 14 9 7 8 20
31 22 5 18 25 20 8 9 14 7 53 23 9 12 12 53 2 5 53 1 12 18 9 7 8 20 53 5 22 5 18 25 20 8 9 14 7 53 23 9 12 12 53 2 5 53 1 12 18 9 7 8 20
31 22 5 18 25 20 8 9 14 7 53 23 9 12 12 53 2 5 53 1 12 18 9 7 8 20
27 12 18 9 7 8 20 53 1 12 18 9 7 8 20
27 12 18 9 7 8 20
38 1 53 12 1 53 12 1 53 12 1 53 12 1 53 12 1
27 8 15 8
35 53 23 1 19 14 20 53 19 8 15 16 16 9 14 7 53 6 15 18 53 1 53 4 15 12 12
46 15 53 19 1 25 53 20 8 5 53 12 5 1 19 20 53 35 53 20 8 15 21 7 8 20 53 35 4 53 19 5 5 14 53 20 8 5 13 53 1 12 12
28 21 20 53 20 8 5 14 53 25 15 21 53 20 15 15 11 53 13 5 53 2 25 53 19 21 18 16 18 9 19 5
35 13 53 4 18 5 1 13 9 14 7 53 2 15 21 20 53 20 8 15 19 5 53 4 18 5 1 13 25 53 5 25 5 19 53 35 53 14 5 22 5 18 53 11 14 5 23 53 35 53 14 5 22 5 18 53 11 14 5 23
45 15 53 20 1 11 5 53 25 15 21 18 53 19 21 9 20 3 1 19 5 19 53 35 53 4 15 14 20 53 13 9 14 4
27 14 4 53 2 1 2 25 53 4 15 12 12 53 35 53 13 5 1 14 20 53 9 20 53 5 22 5 18 25 53 20 9 13 5
51 15 21 53 4 15 14 20 53 14 5 5 4 53 20 15 53 3 15 13 16 18 15 13 9 19 5
28 21 20 53 9 20 19 53 1 12 18 9 7 8 20
49 9 12 12 53 2 5 53 1 12 18 9 7 8 20
28 1 2 25 53 25 15 21 53 23 5 18 5 53 20 8 5 53 12 15 22 5 53 15 6 53 13 25 53 12 9 6 5 53 23 15 1 8
39 1 25 2 5 53 25 15 21 53 4 15 14 20 53 11 14 15 23 53 23 8 1 20 19 53 12 15 19 20 53 20 9 12 53 25 15 21 53 6 9 14 4 53 9 20
46 1 11 5 53 1 53 23 1 12 11 53 15 14 53 45 21 14 4 1 25 53 20 8 18 15 21 7 8 53 20 8 5 53 1 6 20 5 18 14 15 15 14
49 5 53 3 1 14 53 1 12 23 1 25 19 53 6 9 14 4 53 19 15 13 5 20 8 9 14 53 6 15 18 53 21 19 53 20 15 53 4 15
49 5 53 4 15 14 20 53 18 5 1 12 12 25 53 12 9 11 5 53 23 8 1 20 19 53 15 14 53 20 8 5 53 14 5 23 19 53 2 21 20 53 9 20 19 53 15 14 53 1 12 12 53 20 8 5 53 20 9 13 5
35 53 20 1 11 5 53 25 15 21 53 23 9 20 8 53 13 5 53 5 22 5 18 25 53 20 9 13 5 53 35 53 7 15 53 1 23 1 25
35 14 53 1 53 8 15 20 5 12 53 21 19 9 14 53 19 15 13 5 15 14 5 53 5 12 19 5 19 53 14 1 13 5
35 53 18 5 13 5 13 2 5 18 53 2 1 3 11 53 1 20 53 36 15 14 14 25 19 53 16 12 1 3 5 53 9 20 19 53 14 15 20 53 20 8 5 53 19 1 13 5 53 1 14 25 13 15 18 5
35 20 19 53 14 15 20 53 23 8 1 20 53 35 53 23 1 14 20 5 4 53 20 15 53 12 5 1 22 5 53 25 15 21 53 2 5 8 9 14 4
30 15 14 20 53 11 14 15 23 53 23 8 5 18 5 53 25 15 21 12 12 53 12 1 14 4 53 23 8 5 14 53 25 15 21 53 6 12 25
28 21 20 53 2 1 2 25 53 25 15 21 53 23 5 18 5 53 20 8 5 53 12 15 22 5 53 15 6 53 13 25 53 12 9 6 5
35 20 19 53 21 14 6 15 18 20 21 14 1 20 5 53 15 15 8
36 21 19 20 53 3 15 15 18 4 9 14 1 20 5 19 53 15 15 8
35 53 4 15 14 20 53 11 14 15 23 53 25 15 21 53 8 1 12 6 53 1 19 53 23 5 12 12 53 1 19 53 1 12 12 53 13 25 53 6 18 9 5 14 4 19
35 53 23 15 14 20 53 16 18 5 20 5 14 4 53 20 8 1 20 53 35 22 5 53 2 5 5 14 53 4 15 9 14 53 5 22 5 18 25 20 8 9 14 7 53 35 53 3 1 14
46 15 53 7 5 20 53 20 15 53 11 14 15 23 53 25 15 21 18 53 3 18 5 1 19 5 19 53 1 14 4 53 25 15 21 18 53 5 14 4 19
27 18 5 53 20 8 5 25 53 20 8 5 53 19 1 13 5
41 15 8 15 15 8
38 9 22 9 14 7 53 9 14 53 1 53 4 1 25 4 18 5 1 13
45 8 5 53 19 1 9 4 53 38 15 22 5 53 13 5 53 12 9 11 5 53 25 15 21 53 16 1 9 4 53 13 5
51 15 21 53 11 14 15 23 53 35 12 12 53 2 5 53 7 15 14 5 53 6 15 18 53 19 15 53 12 15 14 7
45 15 53 7 9 22 5 53 13 5 53 1 12 12 53 15 6 53 25 15 21 18 53 12 15 22 5 53 7 9 22 5 53 13 5 53 19 15 13 5 20 8 9 14 7 53 20 15 53 4 18 5 1 13 53 1 2 15 21 20
45 20 1 25 53 21 14 20 9 12 53 20 8 5 53 13 15 18 14 9 14 7
29 1 21 19 5 53 2 1 2 25 53 12 15 22 9 14 7 53 25 15 21 19 53 20 8 5 53 18 5 1 12 53 20 8 9 14 7
35 20 53 10 21 19 20 53 6 5 5 12 19 53 18 9 7 8 20
49 8 5 14 53 25 15 21 53 7 9 22 5 53 13 5 53 1 12 12 53 15 6 53 25 15 21 18 53 12 15 22 5 53 7 9 22 5 53 13 5 53 19 15 13 5 20 8 9 14 7 53 20 15 53 4 18 5 1 13 53 1 2 15 21 20
27 12 12 53 15 6 53 25 15 21 18 53 12 15 22 5 53 7 9 22 5 53 13 5 53 19 15 13 5 20 8 9 14 7 53 20 15 53 4 18 5 1 13 53 1 2 15 21 20
33 9 22 5 53 13 5 53 1 12 12 53 15 6 53 25 15 21 18 53 12 15 22 5 53 7 9 22 5 53 13 5 53 19 15 13 5 20 8 9 14 7 53 20 15 53 4 18 5 1 13 53 1 2 15 21 20
38 9 22 9 14 7 53 9 14 53 1 53 4 1 25 4 18 5 1 13 53 9 20 19 53 1 12 12 53 18 9 7 8 20
33 9 22 5 53 13 5 53 1 12 12 53 15 6 53 25 15 21 18 53 12 15 22 5 53 7 9 22 5 53 13 5 53 19 15 13 5 20 8 9 14 7 53 20 15 53 4 18 5 1 13 53 1 2 15 21 20 53 7 9 22 5 53 13 5 53 1 12 12 53 15 6 53 25 15 21 18 53 12 15 22 5
33 9 22 5 53 13 5 53 1 12 12 53 15 6 53 25 15 21 18 53 12 15 22 5 53 7 9 22 5 53 13 5 53 19 15 13 5 20 8 9 14 7 53 20 15 53 4 18 5 1 13 53 1 2 15 21 20 53 15 15 8 53 9 20 19 53 1 12 12 53 18 9 7 8 20 53 23 15 15
33 9 22 5 53 13 5 53 1 12 12 53 15 6 53 25 15 21 18 53 12 15 22 5 53 7 9 22 5 53 13 5 53 19 15 13 5 20 8 9 14 7 53 20 15 53 4 18 5 1 13 53 1 2 15 21 20 53 15 23
46 8 9 14 7 19 53 8 1 22 5 14 20 53 2 5 5 14 53 17 21 9 20 5 53 20 8 5 53 19 1 13 5
46 8 5 18 5 19 53 1 53 8 1 26 5 53 15 14 53 20 8 5 53 8 15 18 9 26 15 14 53 2 1 2 5
35 20 19 53 15 14 12 25 53 2 5 5 14 53 1 53 3 15 21 16 12 5 53 15 6 53 4 1 25 19
27 14 4 53 35 53 13 9 19 19 53 25 15 21 53 13 13 53 25 5 1 8
49 8 5 14 53 14 15 20 8 9 14 53 18 5 1 12 12 25 53 7 15 5 19 53 20 15 53 16 12 1 14
51 15 21 53 19 20 21 2 53 25 15 21 18 53 20 15 5 53 15 18 53 2 18 5 1 11 53 25 15 21 18 53 3 1 13 5 18 1
35 12 12 53 4 15 53 5 22 5 18 25 20 8 9 14 53 35 53 3 1 14
46 15 53 8 5 12 16 53 25 15 21 53 20 8 18 15 21 7 8
35 6 53 25 15 21 18 5 53 6 5 5 12 9 14 53 4 15 23 14
35 53 10 21 19 20 53 23 1 14 14 1 53 13 1 11 5 53 25 15 21 53 8 1 16 16 9 5 18 53 2 1 2 25
49 9 19 8 53 35 53 23 1 19 53 1 18 15 21 14 4
49 5 22 5 53 2 5 5 14 53 4 15 9 14 53 1 12 12 53 20 8 9 19 53 12 1 20 5 53 14 9 7 8 20 53 20 1 12 11 9 14
28 15 21 20 53 1 14 25 20 8 9 14 53 25 15 21 53 23 1 14 20 53 21 14 20 9 12 53 20 8 5 53 13 15 18 14 9 14
40 15 23 53 25 15 21 18 5 53 9 14 53 13 25 53 12 9 6 5
35 53 3 1 14 20 53 7 5 20 53 25 15 21 53 15 6 6 53 13 25 53 13 9 14 4
35 22 5 53 14 5 22 5 18 53 2 5 5 14 53 1 53 6 1 14 53 15 6 53 3 8 1 14 7 5
28 21 20 53 35 4 53 6 15 12 12 15 23 53 25 15 21 53 20 15 53 1 14 25 53 16 12 1 3 5
35 6 53 9 20 19 53 34 15 12 12 25 23 15 15 4 53 15 18 53 28 9 19 8 15 16 19 7 1 20 5
35 13 53 3 15 13 9 14 7 53 20 15 15
29 1 14 20 53 7 5 20 53 25 15 21 53 15 6 6 53 13 25 53 13 9 14 4
29 1 14 20 53 7 5 20 53 25 15 21 53 15 6 6 53 13 25 53 13 9 14 4 53 3 1 14 20 53 7 5 20 53 25 15 21 53 15 6 6 53 13 25 53 13 9 14 4
35 53 23 15 14 20 53 5 22 5 14 53 20 18 25 53 35 53 23 15 14 20 53 5 22 5 14 53 20 18 25
46 15 53 7 5 20 53 25 15 21 53 15 6 6 53 13 25 53 13 9 14 4 53 7 5 20 53 25 15 21 53 15 6 6 53 13 25 53 13 9 14 4
29 1 14 20 53 7 5 20 53 25 15 21 53 15 6 6 53 13 25 53 13 9 14 4 53 1 12 12 53 20 8 9 19 53 12 1 20 5 53 14 9 7 8 20 53 20 1 12 11 9 14
35 53 23 15 14 20 53 5 22 5 14 53 20 18 25 53 1 12 12 53 20 8 9 19 53 12 1 20 5 53 14 9 7 8 20 53 20 1 12 11 9 14
29 1 14 20 53 7 5 20 53 25 15 21 53 15 6 6 53 13 25
27 12 12 53 20 8 9 19 53 12 1 20 5 53 14 9 7 8 20 53 20 1 12 11 9 14
34 15 12 4 9 14 53 13 5 53 2 1 3 11
33 18 1 22 9 20 25 19 53 8 15 12 4 9 14 53 13 5 53 2 1 3 11
35 53 23 1 14 20 53 25 15 21 53 20 15 53 8 15 12 4 53 15 21 20 53 20 8 5 53 16 1 12 13 53 15 6 53 25 15 21 18 53 8 1 14 4
49 8 25 53 4 15 14 20 53 23 5 53 12 5 1 22 5 53 9 20 53 1 20 53 20 8 1 20
40 15 20 8 9 14 53 20 15 53 19 1 25
49 8 5 14 53 5 22 5 18 25 20 8 9 14 7 53 7 5 20 19 53 9 14 53 20 8 5 53 23 1 25
45 5 5 13 19 53 25 15 21 53 3 1 14 14 15 20 53 2 5 53 18 5 16 12 1 3 5 4
27 14 4 53 35 13 53 20 8 5 53 15 14 5 53 23 8 15 53 23 9 12 12 53 19 20 1 25 53 15 8
35 14 53 20 8 9 19 53 23 15 18 12 4 53 9 20 19 53 10 21 19 20 53 21 19
51 15 21 53 11 14 15 23 53 9 20 19 53 14 15 20 53 20 8 5 53 19 1 13 5 53 1 19 53 9 20 53 23 1 19
27 19 53 9 20 53 23 1 19 53 1 19 53 9 20 53 23 1 19
51 15 21 53 11 14 15 23 53 9 20 19 53 14 15 20 53 20 8 5 53 19 1 13 5
27 14 19 23 5 18 53 20 8 5 53 16 8 15 14 5
34 1 18 18 25 53 25 15 21 18 5 53 14 15 53 7 15 15 4 53 1 12 15 14 5
49 8 25 53 1 18 5 53 25 15 21 53 19 9 20 20 9 14 53 1 20 53 8 15 13 5 53 15 14 53 20 8 5 53 6 12 15 15 18
49 8 1 20 53 11 9 14 4 53 15 6 53 16 9 12 12 19 53 1 18 5 53 25 15 21 53 15 14
44 9 14 7 9 14 53 20 8 5 53 2 5 12 12
27 14 4 53 14 15 2 15 4 25 19 53 3 15 13 9 14 53 20 15 53 8 5 12 16
51 15 21 18 53 4 1 4 4 25 53 12 9 22 5 19 53 2 25 53 8 9 13 19 5 12 6
34 5 53 10 21 19 20 53 23 1 14 20 19 53 20 15 53 11 14 15 23 53 20 8 1 20 53 25 15 21 18 5 53 23 5 12 12 53 15 8
33 15 53 8 15 13 5 53 7 5 20 53 1 8 5 1 4 53 12 9 7 8 20 19 16 5 5 4 53 9 14 20 5 18 14 5 20
35 53 4 15 14 20 53 23 1 14 14 1 53 20 1 12 11 53 1 2 15 21 20 53 20 8 5 53 23 1 25 53 20 8 1 20 53 9 20 53 23 1 19
38 5 1 22 5 53 27 13 5 18 9 3 1 53 20 23 15 53 11 9 4 19 53 6 15 12 12 15 23 53 8 5 18
35 53 4 15 14 20 53 23 1 14 14 1 53 20 1 12 11 53 1 2 15 21 20 53 23 8 15 19 53 4 15 9 14 53 9 20 53 6 9 18 19 20
27 19 53 9 20 53 23 1 19
51 15 21 53 7 15 20 53 25 15 21 53 7 15 20 53 20 8 5 53 3 9 14 5 13 1
35 20 19 53 25 15 21
27 14 4 53 35 13 53 14 15 20 53 7 5 20 20 9 14 53 15 22 5 18 53 9 20
30 1 18 12 9 14 53 9 19 53 9 20 53 3 15 15 12
35 6 53 35 13 53 19 20 21 2 2 15 18 14 53 23 8 5 14 53 9 20 53 3 15 13 5 19 53 20 15 53 20 8 9 19
35 53 7 21 5 19 19 53 23 5 18 5 53 9 14 53 20 9 13 5
35 6 53 25 15 21 18 5 53 7 5 20 20 9 14 7 53 25 15 21 18 19 5 12 6 53 23 5 20 53 6 15 18 53 13 5
35 53 7 21 5 19 19 53 25 15 21 18 5 53 1 12 12 53 13 9 14 5
51 15 21 18 5 53 19 12 5 5 16 9 14 7 53 9 14 53 20 8 9 19 53 2 5 4 53 23 9 20 8 53 13 5
35 53 10 21 19 20 53 20 8 9 14 11 53 25 15 21 18 5 53 3 15 15 12
35 53 4 9 7 53 25 15 21 18 53 3 9 14 5 13 1
30 15 53 25 15 21 53 20 8 9 14 11 53 35 13 53 3 15 15 12 53 20 15 15
41 18 53 1 13 53 35 53 20 15 15 53 9 14 20 15 53 25 15 21
46 5 12 12 53 13 5 53 23 8 1 20 53 25 15 21 53 23 1 14 20 53 1 14 4 53 25 15 21 53 7 15 20 53 9 20 53 12 15 22 5
35 53 23 1 14 20 53 1 12 12 53 15 6 53 25 15 21 53 7 9 13 13 5 53 1 12 12 53 25 15 21 53 7 15 20
46 8 1 20 19 53 3 9 14 5 13 1
46 8 1 20 19 53 3 9 14 5 13 1 53 21 8 8 21 8
30 15 14 20 53 11 14 15 23 53 23 8 25 53 2 21 20 53 9 20 53 6 5 5 12 19 53 19 15 53 18 9 7 8 20 53 20 15 53 13 5
45 15 13 5 20 8 9 14 7 53 9 14 53 20 8 5 53 23 1 25 53 25 15 21 53 13 15 22 5
35 53 12 9 11 5 53 9 20 53 23 8 5 14 53 25 15 21 53 4 1 14 3 5 53 6 15 18 53 13 5 53 35 53 10 21 19 20 53 20 8 9 14 11 53 9 20 19
51 15 21 53 1 12 12 53 20 8 5 53 20 9 13 5 53 20 9 13 5 53 20 9 13 5
35 14 53 4 15 19 5 19 53 1 20 53 14 9 7 8 20 53 14 9 7 8 20 53 14 9 7 8 20
40 15 53 18 15 15 6 53 15 14 53 20 8 5 53 4 18 9 22 5
30 21 19 20 53 15 6 6 53 20 8 5 53 8 9 7 8
27 14 4 53 7 15 53 20 15 53 19 12 5 5 16 53 7 15 53 20 15 53 19 12 5 5 16 53 7 15 53 20 15 53 19 12 5 5 16
35 53 10 21 19 20 53 20 8 9 14 11 53 25 15 21 18 5 53 3 15 15 12 53 3 15 3 15 15 12
35 53 4 9 7 53 25 15 21 18 53 3 9 14 5 13 1 53 3 9 14 5 13 1
41 18 53 1 13 53 35 53 3 9 14 5 13 1 53 20 15 15 53 9 14 20 15 53 25 15 21
29 9 14 5 13 1
51 15 21 53 7 15 20 53 25 15 21 53 7 15 20
35 53 2 18 9 14 7 53 20 8 5 53 16 15 16 53 25 15 21 53 16 15 16
35 53 2 18 9 14 7 53 20 8 5 53 16 15 16
35 53 2 18 9 14 7 53 20 8 5 53 16 15 16 53 20 15 53 20 8 5 53 3 9 14 5 13 1 53 25 15 21 53 16 15 16
35 53 2 18 9 14 7 53 20 8 5 53 16 15 16 53 20 15 53 20 8 5 53 3 9 14 5 13 1
51 15 21 53 16 15 16 53 23 8 5 14 53 23 5 53 7 5 20 53 9 14 20 9 13 1 20 5
51 15 21 53 7 15 20 53 25 15 21 53 7 15 20 53 3 9 14 5 13 1 53 20 8 5 53 3 9 14 5 13 1
51 15 21 53 16 15 16 53 23 8 5 14 53 23 5 53 7 5 20 53 9 14 20 9 13 1 20 5 53 2 1 2 25 53 25 15 21 18 5 53 3 9 14 5 13 1
51 15 21 53 7 15 20 53 25 15 21 53 7 15 20 53 20 8 5 53 3 9 14 5 13 1 53 3 9 14 5 13 1
51 15 21 53 23 5 18 5 53 18 9 4 9 14 7 53 25 15 21 18 53 2 9 11 5 53 20 15 53 20 8 5 53 19 15 21 14 4 53 15 6 53 35 20 19 53 40 15 53 28 9 7 53 30 5 1 12
27 14 4 53 25 15 21 18 5 53 20 18 25 9 14 7 53 20 15 53 12 9 6 20 53 15 6 6 53 20 8 5 53 7 18 15 21 14 4 53 15 14 53 20 8 15 19 5 53 15 12 4 53 20 23 15 53 23 8 5 5 12 19
40 15 20 8 9 14 7 53 1 2 15 21 20 53 20 8 5 53 23 1 25 53 20 8 1 20 53 25 15 21 53 23 5 18 5 53 20 18 5 1 20 5 4 53 5 22 5 18 53 19 5 5 13 5 4 53 5 19 16 5 3 9 1 12 12 25 53 1 12 1 18 13 9 14 7 53 20 9 12 53 14 15 23
45 15 53 25 15 21 53 20 9 5 53 21 16 53 25 15 21 18 53 8 1 9 18 53 1 14 4 53 25 15 21 53 19 13 9 12 5 53 12 9 11 5 53 9 20 19 53 14 15 53 2 9 7 53 4 5 1 12
51 15 21 53 3 1 14 53 12 5 20 53 9 20 53 7 15
51 15 21 53 3 1 14 53 20 8 18 15 23 53 1 53 16 1 18 20 25 53 6 21 12 12 53 15 6 53 5 22 5 18 25 15 14 5 53 25 15 21 53 11 14 15 23
27 14 4 53 14 15 20 53 9 14 22 9 20 5 53 25 15 21 18 53 6 1 13 9 12 25 53 3 1 21 19 5 53 20 8 5 25 53 14 5 22 5 18 53 19 8 15 23 5 4 53 25 15 21 53 12 15 22 5
51 15 21 53 4 15 14 20 53 8 1 22 5 53 20 15 53 2 5 53 19 15 18 18 25 53 6 15 18 53 12 5 1 22 9 14 7 53 1 14 4 53 7 18 15 23 9 14 7 53 21 16 53 13 13 8
39 1 20 9 12 4 1 53 25 15 21 53 20 1 12 11 53 15 6 53 20 8 5 53 16 1 9 14 53 12 9 11 5 53 9 20 19 53 1 12 12 53 1 12 18 9 7 8 20
28 21 20 53 35 53 11 14 15 23 53 20 8 1 20 53 25 15 21 53 6 5 5 12 53 12 9 11 5 53 1 53 16 9 5 3 5 53 15 6 53 25 15 21 19 53 4 5 1 4 53 9 14 19 9 4 5
51 15 21 53 19 8 15 23 5 4 53 13 5 53 1 53 16 15 23 5 18 53 20 8 1 20 53 9 19 53 19 20 18 15 14 7 53 5 14 15 21 7 8 53 20 15 53 2 18 9 14 7 53 19 21 14 53 20 15 53 20 8 5 53 4 1 18 11 5 19 20 53 4 1 25 19
35 20 19 53 14 15 14 5 53 15 6 53 13 25 53 2 21 19 9 14 5 19 19 53 2 21 20 53 9 20 19 53 10 21 19 20 53 2 5 5 14 53 15 14 53 13 25 53 13 9 14 4
51 15 21 53 4 15 14 20 53 8 1 22 5 53 20 15 53 2 5 53 19 15 18 18 25 53 6 15 18 53 12 5 1 22 9 14 7 53 1 14 4 53 7 18 15 23 9 14 7 53 21 16
51 15 21 53 3 1 14 53 19 5 5 53 20 8 5 53 23 15 18 12 4 53 6 15 12 12 15 23 9 14 7 53 20 8 5 53 19 5 1 19 15 14 19
27 14 25 23 8 5 18 5 53 25 15 21 53 7 15 53 25 15 21 53 4 15 14 20 53 14 5 5 4 53 1 53 18 5 1 19 15 14
29 1 21 19 5 53 20 8 5 25 53 14 5 22 5 18 53 19 8 15 23 5 4 53 25 15 21 53 12 15 22 5
51 15 21 53 4 15 14 20 53 8 1 22 5 53 20 15 53 2 5 53 19 15 18 18 25 53 6 15 18 53 4 15 9 14 7 53 9 20 53 15 14 53 25 15 21 18 53 15 23 14
51 15 21 18 5 53 10 21 19 20 53 9 14 53 20 9 13 5 53 13 1 11 5 53 25 15 21 18 53 20 5 1 53 1 14 4 53 25 15 21 18 53 20 15 1 19 20
51 15 21 53 6 18 1 13 5 4 53 1 12 12 53 25 15 21 18 53 16 15 19 20 5 18 19 53 1 14 4 53 4 25 5 4 53 25 15 21 18 53 3 12 15 20 8 5 19 53 15 15 8
51 15 21 53 4 15 14 20 53 8 1 22 5 53 20 15 53 7 15
51 15 21 53 4 15 14 20 53 8 1 22 5 53 20 15 53 7 15 53 8 15 13 5
41 8 53 20 8 5 18 5 19 53 1 53 12 15 14 7 53 23 1 25 53 20 15 53 7 15
35 53 4 15 14 20 53 2 5 12 9 5 22 5 53 20 8 1 20 53 20 9 13 5 53 23 9 12 12 53 3 8 1 14 7 5 53 25 15 21 18 53 13 9 14 4
35 14 53 15 20 8 5 18 53 23 15 18 4 19
35 53 11 14 15 23 53 20 8 5 25 53 23 15 14 20 53 8 21 18 20 53 25 15 21 53 1 14 25 13 15 18 5 53 1 19 53 12 15 14 7 53 1 19 53 25 15 21 53 3 1 14 53 12 5 20 53 20 8 5 13 53 7 15
51 15 21 53 3 1 14 53 19 20 1 18 20 53 1 53 6 1 13 9 12 25 53 23 8 15 53 23 9 12 12 53 1 12 23 1 25 19 53 19 8 15 23 53 25 15 21 53 12 15 22 5
51 15 21 53 4 15 14 20 53 8 1 22 5 53 20 15 53 2 5 53 19 15 18 18 25 53 14 15
35 22 5 53 2 5 5 14 53 19 5 1 18 3 8 9 14 7 53 14 15 20 8 9 14 7 19 53 23 15 18 11 9 14 7
35 22 5 53 2 5 5 14 53 20 18 9 16 16 9 14 7 53 14 15 53 15 14 5 19 53 16 5 18 6 5 3 20
29 8 1 19 9 14 7 53 22 9 19 9 15 14 53 10 21 19 20 53 20 8 5 53 19 21 18 6 1 3 5
45 8 9 18 20 19 53 15 14 53 2 1 3 11 23 1 18 4 19 53 14 15 20 53 15 14 53 16 21 18 16 15 19 5
35 22 5 53 2 5 5 14 53 12 5 1 18 14 9 14 7 53 19 15 13 5 20 8 9 14 7 53 2 9 7 7 5 18
31 24 16 5 3 20 1 20 9 15 14 19 53 6 5 5 20 53 23 5 18 5 53 6 1 9 12 9 14 7
35 53 6 15 21 14 4 53 2 12 5 19 19 9 14 7 19 53 6 12 15 23 9 14 7 53 6 18 15 13
46 8 5 53 19 9 7 8 20 53 15 6 53 34 5 1 22 5 14
45 20 1 18 9 14 7 53 9 14 20 15 53 13 25 53 18 5 6 12 5 3 20 9 15 14
44 5 4 9 18 5 3 20 9 14 7 53 13 25 53 16 5 18 6 5 3 20 9 15 14 53 19 15 13 5 23 8 5 18 5 53 5 12 19 5
41 8 8 53 15 8 8 53 15 8
49 8 5 14 53 20 8 5 18 5 53 9 19 14 20 53 1 14 25 53 16 18 15 7 18 5 19 19
38 5 1 14 53 15 14 53 20 18 21 20 8 53 9 14 19 9 4 5 53 20 8 5 53 16 18 15 13 9 19 5 53 9 20 53 9 19 53 23 5 12 12
35 53 8 15 12 4 53 13 25 53 12 9 6 5 53 15 21 20 53 9 14 53 6 18 15 14 20 53 15 6 53 13 5
30 18 5 1 13 19 53 15 6 53 23 8 15 53 35 53 23 1 14 20 53 20 15 53 2 5
35 13 53 19 5 5 9 14 7 53 5 22 5 18 25 53 5 13 16 20 25 53 16 1 7 5
35 53 6 9 14 4 53 20 8 1 20 53 5 22 5 18 25 20 8 9 14 7 53 35 53 1 13 53 9 19
31 22 5 18 25 20 8 9 14 7 53 35 53 19 8 15 21 12 4 53 2 5
35 53 4 15 14 20 53 14 5 5 4 53 20 15 53 18 21 14 53 1 23 1 25
41 8 8 53 23 5 12 12 53 35 53 4 15 14 20 53 14 5 5 4 53 20 15 53 18 21 14 53 1 23 1 25
41 8 8 53 35 53 4 15 14 20 53 14 5 5 4 53 20 15 53 18 21 14 53 1 23 1 25
45 15 13 5 20 8 9 14 7 19 53 23 15 18 11 9 14 7 53 8 5 1 18 20 53 9 19 53 20 21 18 14 9 14 7
48 9 19 9 15 14 19 53 3 12 5 1 18 53 1 14 4 53 19 20 9 12 12 53 35 13 53 12 5 1 18 14 9 14 7
46 8 1 20 53 23 8 1 20 53 35 53 1 13 53 23 8 1 20 53 35 53 1 13 53 23 8 1 20 53 35 53 1 13 53 23 8 1 20 53 35 53 1 13
35 19 53 19 15 13 5 20 8 9 14 7 53 13 15 18 5 53 20 8 1 14 53 35 53 3 1 14 53 16 12 1 14
41 8 53 15 8 8
33 15 53 20 5 12 12 53 13 5 53 14 15 23
35 53 2 5 5 14 53 19 20 1 14 4 9 14 7 53 15 14 53 1 53 19 20 1 7 5 53 15 18 53 10 21 19 20 53 1 53 13 9 18 18 15 18
32 15 18 3 5 4 53 20 15 53 6 1 3 5 53 23 8 15 53 35 53 2 5 3 15 13 5
45 5 1 18 3 8 9 14 7 53 6 15 18 53 1 53 14 5 23 53 5 19 3 1 16 5
35 53 19 3 1 14 53 20 8 5 53 5 24 9 20 19 53 20 8 1 20 53 5 13 2 18 1 3 5 53 1 14 53 5 1 19 25 53 15 21 20
40 5 5 4 53 20 15 53 18 21 14 53 1 23 1 25
35 53 4 15 14 20 53 14 5 5 4 53 20 15 53 18 21 14
51 5 19 20 5 18 4 1 25 53 9 20 53 6 9 14 1 12 12 25 53 3 1 13 5 53 1 53 19 21 14 14 25 53 1 6 20 5 18 14 15 15 14
35 53 23 1 19 53 15 14 53 13 25 53 23 1 25 53 20 15 53 2 21 25 53 19 15 13 5 53 6 12 15 23 5 18 19 53 6 15 18 53 25 15 21 53 15 15 8
46 8 15 21 7 8 20 53 20 8 1 20 53 23 5 53 3 15 21 12 4 53 8 9 4 5 53 1 23 1 25 53 9 14 53 1 53 3 15 18 14 5 18 53 15 6 53 20 8 5 53 8 5 1 20 8
46 8 5 18 5 19 53 14 5 22 5 18 53 2 5 5 14 53 19 15 13 5 15 14 5 53 23 8 15 19 53 19 15 53 16 5 18 6 5 3 20 53 6 15 18 53 13 5
28 21 20 53 35 53 7 15 20 53 15 22 5 18 53 9 20 53 1 14 4 53 35 53 19 1 9 4
33 9 22 5 53 13 5 53 19 15 13 5 20 8 9 14 53 15 12 4 53 1 14 4 53 18 5 4
35 53 16 1 25 53 6 15 18 53 9 20 53 13 15 18 5 53 20 8 1 14 53 35 53 4 9 4 53 2 1 3 11 53 20 8 5 14
46 8 5 18 5 19 53 10 21 19 20 53 14 15 53 7 5 20 20 9 14 53 20 8 18 15 21 7 8
49 9 20 8 15 21 20 53 25 15 21
27 53 2 15 20 20 12 5 53 15 6 53 18 15 21 7 5
36 21 19 20 53 13 5 53 1 14 4 53 25 15 21
45 9 20 20 9 14 53 9 14 53 20 8 5 53 7 1 18 4 5 14 53 35 13 53 1 53 3 15 21 16 12 5 53 7 12 1 19 19 5 19 53 9 14
35 53 23 1 19 53 20 18 25 14 1 53 3 15 21 14 20 53 21 16 53 1 12 12 53 20 8 5 53 16 12 1 3 5 19 53 23 5 22 5 53 2 5 5 14
51 15 21 18 5 53 1 12 23 1 25 19 53 20 8 5 18 5 53 19 15 53 4 15 14 20 53 15 22 5 18 20 8 9 14 11
35 13 53 19 15 53 15 22 5 18 53 23 8 9 20 5 19 53 1 14 4 53 16 9 14 11 19
46 8 5 53 7 18 1 16 5 53 10 21 9 3 5 53 2 12 21 5
