16
30085718
199680
197020749
104703958
506747457
36211
421836017
975567286
56324070
390403643
323319101
910461168
945252094
421948431
473418964
132219834
562333604
327274284
878261371
118892599
276059330
600863170
421915069
344373684
771461319
587266303
703167599
34924
674453193
45732168
407867917
738123797
22355684
39380
220802497
567819968
167454917
358837290
34087127
300908225
637248734
501041417
124932836
726240242
480114933
169837650
590468479
169325339
591432709
141070586
819361319
336799931
29528047
79176196
601860062
231436268
304957296
566354078
235683038
130061730
127989736
569090295
500629150
345331568
535861497
441334906
849914397
835362359
696573971
457023414
714472697
25205954
443870590
993149708
729808425
22767798
231012574
503544552
873821098
239346279
58719536
521530654
527282471
323743325
586562454
556086661
313647521
834713779
210360892
164810090
910944275
622103920
901366632
806223835
312517904
216482189
514450288
998705591
718470805
931087993
950946250
855279006
665029877
595736038
461697041
727249744
217161403
875448010
986663127
226703255
650499242
981223318
693344502
440347869
484622508
5889591
665103341
497268101
849610391
459931343
523683033
709829682
71894468
143519651
681472650
936139459
843287422
704470021
612660928
249916416
652934178
435559757
118030900
755619446
611383153
175498552
822120682
977522486
141433033
248841723
811048364
153759361
25510108
344653160
192927500
188704555
776641335
350225311
832765274
956252292
674526314
581725412
1248081
123717455
282765914
273218527
238349521
789013669
417703179
252482221
93453856
635108758
378165597
685601016
382477092
843059130
981666568
7754748
19054133
440191596
249251941
799965948
245409010
278135769
50347360
186709296
258033009
777482830
230377356
695980012
683526240
81941385
35161765
512298929
59903107
313652491
554090977
495593469
873391320
603147215
338065282
179229542
561248424
794458198
158710702
208174250
68319025
437911343
97511899
474453252
81488844
906098667
115608627
549261278
982226541
219102493
307645361
407220106
179816105
778911837
127947444
573222427
34087127
954757017
932023264
273611298
27333024
507310585
461362244
735343869
815153105
282647583
823123753
766090029
377157867
266007792
710616849
628073112
680441997
403871740
656155122
854949773
719915937
293621
883015557
30085582
690189663
319289944
182076167
822361740
890140030
691736295
874402324
501783291
778204042
799348759
635442890
833973905
302905996
874753741
29910527
887992111
825361430
222375735
113001553
3151069
580527376
957755292
430292190
789831094
223446677
773397286
51967489
890057138
709564349
509053339
63632753
437821503
153316455
125830396
829967848
291848163
848416223
594599985
908814918
114220734
487156677
496001787
968407854
289765520
370340986
474345354
565708249
429999809
932912332
711819381
834462540
50991385
175956542
424394244
664173189
661210060
223480101
553158129
135058060
856228773
804962463
616206626
769013415
835082101
846646892
719757383
61228329
512796666
252286395
605692860
525920519
323284380
635360167
350920272
425470627
100358697
721593312
508722168
800898753
923398857
592184232
422984918
455895448
741960999
584020964
935436903
941491662
958809871
760185100
782315058
917989916
517124131
104092233
920091677
338737335
814921700
711502634
19338951
347387491
659629158
954462908
263541408
248062012
665211749
765873298
968591088
559694952
454104540
800829487
593739465
240303702
728064005
286315052
277593734
526562259
753989744
180661803
428209150
456425836
240518379
61774086
332274733
412608509
563801389
461016366
43395642
90541510
923054289
29265561
769732687
271269970
451096177
159376687
11079507
454617645
180427221
51679466
304192077
628389814
411363260
20224691
406284616
133405338
64941200
58686441
633475666
567083477
999615310
907111013
129959350
950032118
771307384
386278140
403726596
288245231
488211300
568697241
595391962
902309408
987932682
361359032
456783142
362004854
96868377
133175103
5038542
404699870
848286676
182816326
65421583
847375347
138975747
458404225
547225473
731487854
123231002
359664296
146049560
427975959
436991740
306653345
418533682
569036732
318655485
306693417
778289611
675578731
13615148
100097307
188249310
412024612
790994098
636133142
734757190
923268335
867368251
903587426
617070656
63645310
928812365
412290233
158361563
409073577
886101334
293803514
335532252
581102426
482837188
641912481
819641542
697655985
51731617
730695030
367530091
194930052
977707472
656595381
753828052
235163204
474931080
3820543
19581319
272153449
618779835
115817586
968798554
368250678
915114847
642789995
343306201
882403411
837200446
961462908
81008999
536522856
689990910
132403813
85585770
682841517
111863758
867303421
756568504
366572492
27942369
345836479
285406979
413529337
468674352
391574186
482921427
238797343
906314734
599868223
659348671
397579856
869112514
742067102
809115012
756536034
75843011
285545920
374018836
48630039
175507306
715838836
763185123
375537942
625812279
917032498
870239317
576517325
930549511
819817087
326416663
858324561
674719024
587174567
796354949
275517547
528542622
756271639
3284787
636608702
346320834
808860136
898748583
858016507
480294580
879788496
653762695
377503135
117485344
684292850
96336447
12005508
298234733
474880751
89390921
374051073
505491823
864219737
455903054
166154133
432070540
900415114
558019402
383901525
929505431
873731889
353402482
199610268
802114188
277628567
447200407
925807926
525564175
236496299
884418313
751990472
516854877
136325446
65740371
271739856
420743072
482834432
813806505
572009882
602699706
338916241
658725082
860893460
421397064
744860223
384291200
659224977
316643969
823577898
341969026
587317103
656731883
282588662
757834166
28764
81259794
153286981
141826106
217017319
769625424
220717210
720489657
842540220
923570697
204850689
836598961
725932623
307402805
74230082
338769194
122737703
192987777
768068897
278891937
338840012
838367020
457961158
508882006
376894276
710307620
251672807
937011763
46609747
437781720
689364122
635772694
250649416
435784384
270578607
302374485
649826532
971153886
17287434
586340123
723369934
653815190
527853682
976540328
282383819
602221688
449793440
626368676
433419730
44780772
968362133
733044
369494520
85038840
340426857
331947096
43347
563577589
713933995
923667637
792883610
606822884
354206890
364218730
230828060
197656346
542454399
134422786
696825390
470837468
106367297
556984246
938075226
956357224
522620719
167450765
244745161
924108141
420213564
755371014
439792600
301561598
337846480
892027253
197324386
954881703
67464967
455371216
392781617
561752265
71486571
56660737
232753638
283671176
106808458
164746390
484985264
212844902
471719867
941218342
757851718
973477102
44003635
354028373
777873783
568361404
627165003
50519262
966656584
931193764
295750736
883982655
222075432
442994976
54894588
860953711
204489102
554254589
432770813
839341702
817801875
134847038
605213642
894891140
455221038
997586306
472636128
713923627
312816916
888064152
38320790
556356742
831708090
141414851
604874811
99216207
804683530
147634076
543994389
319676880
292836188
399562696
762112596
849850220
214776225
75424665
741700278
357779622
993518539
455378044
109526767
714259364
432620612
582977755
184450694
493841969
47023825
642282472
191300512
204449448
152973349
673286471
944027570
283420882
725297563
618431673
484273473
678005303
150915557
929589785
216969807
511549049
544131769
339123525
476384381
280435774
207457636
738238512
988207781
99955676
178694087
276927956
21558725
689397131
2092002
148031405
703241340
298004915
331122778
161289849
365866088
613005717
115350985
687119379
724307872
495895162
227983777
519751509
256917354
493184829
182310194
455519336
670985727
48314642
147785211
401588231
110119718
388065926
226881746
689738792
887093908
194852968
886413870
252895092
24705090
59561770
948110297
688512840
211989583
366264203
437994436
32002447
757773326
31043133
913710219
507046828
509547523
908816979
562706787
387893088
864148711
682401728
8141117
869372082
596414251
8373930
701084059
784757722
830845495
496559259
425316650
433201528
755932452
688926613
506596913
920716922
454276554
153996867
860734583
507730752
638150802
570876375
429958567
53946010
594327804
391989
240060961
951642012
374668831
992540261
693534714
219739205
754460278
427268231
293788379
829634906
915944446
132897479
149592944
409948678
949483273
503081091
757684950
313165723
969259847
128487605
770048538
997686626
341455850
579083492
982140898
36194154
322935088
832991310
999081089
931751420
891849999
310132615
746620190
425197284
177907573
931416319
856030322
216895810
534032351
521735622
663323267
138025536
551874776
792773503
332456987
200365676
867375405
536517247
596307080
298695513
397028522
261105847
207848803
688143689
585146374
402636921
678088114
812771529
925451677
44911342
976768368
311202249
744740303
37533061
345567028
458410615
86736574
130423104
879815562
730195448
301419929
193322974
451467234
107574502
40377764
453567786
105497054
226177305
2556127
660570033
713561209
664016072
758612529
44944251
653754353
591043501
136749349
217949218
929886296
372483792
461773626
426252862
150851750
688927009
781280232
497404886
870240777
422433036
464560926
966587185
621590307
795363652
442234944
747060539
179921359
828541991
345428941
36977218
427354442
485371245
679667386
381203629
991977991
731913358
319320041
756924425
665674
402127550
918019778
872700519
185583929
135672772
947876611
195121293
956873875
14628582
481609509
865292799
63247487
886258684
954013876
828052631
898493178
982249546
923369018
555462733
520426235
495566600
211662496
272739369
503904790
48485614
314912817
851774494
15568100
497951805
794802541
598370857
374660186
690801398
859807096
58309171
213927941
511951079
53513643
956161859
720002396
974850279
650300571
476185120
85103408
874243603
792390080
104375600
951371439
428051181
700182082
378748194
289121184
583853772
108916111
896093196
816614047
98880736
397646580
571823285
960683373
319314475
691046881
520010370
70885428
18074921
689672970
767853540
391123666
476894381
357319013
541189220
263182774
828111510
979123692
926802538
712908814
255888554
94916110
127993175
173992409
718867673
585981366
200857631
142263892
393099786
675850229
504633998
102937969
19290164
347121756
892388604
535070631
161523325
953005276
244571953
487563147
607234627
262546698
657590142
701665770
901238507
859989833
294207901
943508039
632790580
962475753
266941887
656153315
586684041
961009748
599097119
404559073
544424893
869636980
636309851
653318644
394805885
180334852
487379173
997597006
968238373
601534879
790559875
168631104
470801864
408625478
861130123
68449236
918361440
916624337
378072098
22707973
168175511
404933058
115215946
744107983
240849136
384669015
564995559
529528939
101185908
232578886
399876788
561834074
851030075
288575034
577776056
983350663
394796981
703830220
83624481
238159025
493337194
565821219
785857488
972011797
987341917
602732569
890335482
261532958
13155495
503729269
517277992
958954670
250971269
280480422
291944746
16519815
824706716
456588191
439465754
50238771
916769946
794063823
3275618
173607317
990990536
400036687
911542763
495329293
164517713
208235811
738277493
848701277
309984922
19010851
41574994
469446382
101653342
492636977
96773318
583157405
638892234
537762257
194243134
247854888
365375160
810594107
507342278
896798882
121518515
212391596
368233673
911208218
776384939
114911312
176322015
